(kicad_pcb (version 20171130) (host pcbnew "(5.1.0)-1")

  (general
    (thickness 1.6)
    (drawings 20)
    (tracks 1848)
    (zones 0)
    (modules 117)
    (nets 175)
  )

  (page A4)
  (layers
    (0 F.Cu signal)
    (31 B.Cu signal)
    (32 B.Adhes user)
    (33 F.Adhes user)
    (34 B.Paste user)
    (35 F.Paste user)
    (36 B.SilkS user)
    (37 F.SilkS user)
    (38 B.Mask user)
    (39 F.Mask user)
    (40 Dwgs.User user)
    (41 Cmts.User user)
    (42 Eco1.User user)
    (43 Eco2.User user)
    (44 Edge.Cuts user)
    (45 Margin user)
    (46 B.CrtYd user)
    (47 F.CrtYd user)
    (48 B.Fab user)
    (49 F.Fab user)
  )

  (setup
    (last_trace_width 1)
    (user_trace_width 0.153)
    (user_trace_width 0.5)
    (user_trace_width 1)
    (trace_clearance 0.2)
    (zone_clearance 0.508)
    (zone_45_only no)
    (trace_min 0.153)
    (via_size 0.8)
    (via_drill 0.4)
    (via_min_size 0.3)
    (via_min_drill 0.3)
    (user_via 0.6 0.3)
    (uvia_size 0.3)
    (uvia_drill 0.1)
    (uvias_allowed no)
    (uvia_min_size 0.2)
    (uvia_min_drill 0.1)
    (edge_width 0.05)
    (segment_width 0.2)
    (pcb_text_width 0.3)
    (pcb_text_size 1.5 1.5)
    (mod_edge_width 0.12)
    (mod_text_size 1 1)
    (mod_text_width 0.15)
    (pad_size 1.524 1.524)
    (pad_drill 0.762)
    (pad_to_mask_clearance 0.051)
    (solder_mask_min_width 0.25)
    (aux_axis_origin 0 0)
    (grid_origin 112 129)
    (visible_elements 7FFFFF7F)
    (pcbplotparams
      (layerselection 0x010fc_ffffffff)
      (usegerberextensions true)
      (usegerberattributes false)
      (usegerberadvancedattributes false)
      (creategerberjobfile false)
      (excludeedgelayer true)
      (linewidth 0.100000)
      (plotframeref false)
      (viasonmask false)
      (mode 1)
      (useauxorigin false)
      (hpglpennumber 1)
      (hpglpenspeed 20)
      (hpglpendiameter 15.000000)
      (psnegative false)
      (psa4output false)
      (plotreference true)
      (plotvalue true)
      (plotinvisibletext false)
      (padsonsilk false)
      (subtractmaskfromsilk false)
      (outputformat 1)
      (mirror false)
      (drillshape 0)
      (scaleselection 1)
      (outputdirectory "./Gerbers"))
  )

  (net 0 "")
  (net 1 +5V)
  (net 2 GND)
  (net 3 +3V3)
  (net 4 /TOUCH_G4_1_SAMP)
  (net 5 /TOUCH_G8_1_SAMP)
  (net 6 /TOUCH_G2_1_SAMP)
  (net 7 /TOUCH_G3_1_SAMP)
  (net 8 /TOUCH_G1_1_SAMP)
  (net 9 /TOUCH_G7_1_SAMP)
  (net 10 /TOUCH_G6_1_SAMP)
  (net 11 "Net-(D1-Pad2)")
  (net 12 SWD_SWDIO)
  (net 13 SWD_SWCLK)
  (net 14 "Net-(J2-Pad6)")
  (net 15 "Net-(J2-Pad7)")
  (net 16 "Net-(J2-Pad8)")
  (net 17 "Net-(J2-Pad9)")
  (net 18 "Net-(J2-Pad10)")
  (net 19 SD_DET_B)
  (net 20 "Net-(J3-Pad8)")
  (net 21 "Net-(J3-Pad1)")
  (net 22 SD_SPI1_CS_N)
  (net 23 SD_SPI1_MOSI)
  (net 24 SD_SPI1_SCK)
  (net 25 SD_SPI1_MISO)
  (net 26 SD_DET_A)
  (net 27 "Net-(J4-Pad1)")
  (net 28 "Net-(J4-Pad2)")
  (net 29 "Net-(J5-Pad2)")
  (net 30 "Net-(J5-Pad1)")
  (net 31 "Net-(J6-Pad2)")
  (net 32 "Net-(J6-Pad3)")
  (net 33 TOUCH_G7_3_STAR_1)
  (net 34 "Net-(J7-Pad2)")
  (net 35 "Net-(J10-Pad2)")
  (net 36 TOUCH_G1_2_STAR_3)
  (net 37 TOUCH_G7_2_STAR_0)
  (net 38 NEOPIX_STARS_5V)
  (net 39 TOUCH_G7_4_STAR_2)
  (net 40 TOUCH_G1_3_STAR_4)
  (net 41 "Net-(J10-Pad3)")
  (net 42 "Net-(J11-Pad3)")
  (net 43 TOUCH_G1_4_STAR_5)
  (net 44 TOUCH_G2_3_STAR_7)
  (net 45 "Net-(J12-Pad3)")
  (net 46 "Net-(J12-Pad2)")
  (net 47 "Net-(J13-Pad2)")
  (net 48 "Net-(J13-Pad3)")
  (net 49 TOUCH_G3_2_STAR_9)
  (net 50 TOUCH_G2_2_STAR_6)
  (net 51 TOUCH_G2_4_STAR_8)
  (net 52 "Net-(J16-Pad3)")
  (net 53 TOUCH_G3_3_STAR_10)
  (net 54 "Net-(J17-Pad2)")
  (net 55 "Net-(J17-Pad3)")
  (net 56 TOUCH_G6_2_STAR_12)
  (net 57 TOUCH_G6_4_STAR_14)
  (net 58 "Net-(J18-Pad3)")
  (net 59 "Net-(J18-Pad2)")
  (net 60 TOUCH_G3_4_STAR_11)
  (net 61 TOUCH_G6_3_STAR_13)
  (net 62 TOUCH_G8_2_STAR_15)
  (net 63 "Net-(J21-Pad3)")
  (net 64 TOUCH_G8_4_STAR_17)
  (net 65 "Net-(J22-Pad3)")
  (net 66 "Net-(J22-Pad2)")
  (net 67 TOUCH_G4_3_STAR_19)
  (net 68 "Net-(J23-Pad3)")
  (net 69 "Net-(J23-Pad2)")
  (net 70 TOUCH_G8_3_STAR_16)
  (net 71 TOUCH_G4_2_STAR_18)
  (net 72 "Net-(J26-Pad3)")
  (net 73 TOUCH_G4_4_STAR_20)
  (net 74 "Net-(J27-Pad2)")
  (net 75 "Net-(J27-Pad3)")
  (net 76 TOUCH_G5_3_STAR_22)
  (net 77 TOUCH_G5_2_STAR_21)
  (net 78 TOUCH_G5_4_STAR_23)
  (net 79 "Net-(J29-Pad3)")
  (net 80 NEOPIX_ROCKET_L_5V)
  (net 81 "Net-(J30-Pad3)")
  (net 82 "Net-(J30-Pad4)")
  (net 83 "Net-(J31-Pad4)")
  (net 84 "Net-(J31-Pad3)")
  (net 85 "Net-(J32-Pad3)")
  (net 86 "Net-(J32-Pad4)")
  (net 87 "Net-(J33-Pad4)")
  (net 88 "Net-(J33-Pad3)")
  (net 89 "Net-(J34-Pad3)")
  (net 90 "Net-(J34-Pad4)")
  (net 91 "Net-(J35-Pad4)")
  (net 92 "Net-(J35-Pad3)")
  (net 93 NEOPIX_ROCKET_R_5V)
  (net 94 "Net-(J36-Pad3)")
  (net 95 "Net-(J36-Pad4)")
  (net 96 "Net-(J37-Pad4)")
  (net 97 "Net-(J37-Pad3)")
  (net 98 "Net-(J38-Pad3)")
  (net 99 "Net-(J38-Pad4)")
  (net 100 "Net-(J39-Pad4)")
  (net 101 "Net-(J39-Pad3)")
  (net 102 "Net-(J40-Pad5)")
  (net 103 "Net-(J40-Pad4)")
  (net 104 "Net-(J40-Pad3)")
  (net 105 BUTTON_L)
  (net 106 BUTTON_R)
  (net 107 "Net-(J41-Pad3)")
  (net 108 "Net-(J41-Pad4)")
  (net 109 "Net-(J41-Pad5)")
  (net 110 MODE_SW)
  (net 111 BUTTON_LED_L)
  (net 112 BUTTON_LED_R)
  (net 113 SWD_RST_N)
  (net 114 "Net-(R4-Pad2)")
  (net 115 "Net-(R5-Pad2)")
  (net 116 "Net-(R7-Pad1)")
  (net 117 NEOPIX_STARS)
  (net 118 "Net-(R8-Pad1)")
  (net 119 NEOPIX_ROCKET_L)
  (net 120 "Net-(R9-Pad1)")
  (net 121 "Net-(R10-Pad1)")
  (net 122 NEOPIX_ROCKET_R)
  (net 123 "Net-(R11-Pad1)")
  (net 124 "Net-(R12-Pad2)")
  (net 125 "Net-(R14-Pad2)")
  (net 126 AUDIO_SD_N_L)
  (net 127 AUDIO_SD_N_R)
  (net 128 "Net-(R18-Pad1)")
  (net 129 "Net-(R19-Pad1)")
  (net 130 "Net-(R20-Pad1)")
  (net 131 I2S_SPI2_CK)
  (net 132 I2S_SPI2_WS)
  (net 133 I2S_SPI2_SD)
  (net 134 "Net-(U1-Pad4)")
  (net 135 "Net-(U2-Pad1)")
  (net 136 "Net-(U2-Pad2)")
  (net 137 "Net-(U2-Pad5)")
  (net 138 "Net-(U2-Pad9)")
  (net 139 "Net-(U2-Pad10)")
  (net 140 "Net-(U2-Pad12)")
  (net 141 "Net-(U2-Pad13)")
  (net 142 "Net-(U2-Pad33)")
  (net 143 "Net-(U2-Pad41)")
  (net 144 "Net-(U2-Pad47)")
  (net 145 "Net-(U2-Pad55)")
  (net 146 "Net-(U2-Pad56)")
  (net 147 "Net-(U2-Pad59)")
  (net 148 "Net-(U2-Pad60)")
  (net 149 "Net-(U2-Pad61)")
  (net 150 "Net-(U2-Pad67)")
  (net 151 "Net-(U2-Pad78)")
  (net 152 "Net-(U2-Pad79)")
  (net 153 "Net-(U2-Pad80)")
  (net 154 "Net-(U2-Pad83)")
  (net 155 "Net-(U2-Pad84)")
  (net 156 "Net-(U2-Pad85)")
  (net 157 "Net-(U2-Pad86)")
  (net 158 "Net-(U2-Pad87)")
  (net 159 "Net-(U2-Pad88)")
  (net 160 "Net-(U2-Pad91)")
  (net 161 "Net-(U2-Pad95)")
  (net 162 "Net-(U2-Pad96)")
  (net 163 "Net-(U2-Pad97)")
  (net 164 "Net-(U2-Pad98)")
  (net 165 "Net-(U3-Pad5)")
  (net 166 "Net-(U3-Pad6)")
  (net 167 "Net-(U3-Pad12)")
  (net 168 "Net-(U3-Pad13)")
  (net 169 "Net-(U4-Pad13)")
  (net 170 "Net-(U4-Pad12)")
  (net 171 "Net-(U4-Pad6)")
  (net 172 "Net-(U4-Pad5)")
  (net 173 "Net-(U5-Pad3)")
  (net 174 /TOUCH_G5_1_SAMP)

  (net_class Default "This is the default net class."
    (clearance 0.2)
    (trace_width 0.25)
    (via_dia 0.8)
    (via_drill 0.4)
    (uvia_dia 0.3)
    (uvia_drill 0.1)
    (add_net +3V3)
    (add_net +5V)
    (add_net /TOUCH_G1_1_SAMP)
    (add_net /TOUCH_G2_1_SAMP)
    (add_net /TOUCH_G3_1_SAMP)
    (add_net /TOUCH_G4_1_SAMP)
    (add_net /TOUCH_G5_1_SAMP)
    (add_net /TOUCH_G6_1_SAMP)
    (add_net /TOUCH_G7_1_SAMP)
    (add_net /TOUCH_G8_1_SAMP)
    (add_net AUDIO_SD_N_L)
    (add_net AUDIO_SD_N_R)
    (add_net BUTTON_L)
    (add_net BUTTON_LED_L)
    (add_net BUTTON_LED_R)
    (add_net BUTTON_R)
    (add_net GND)
    (add_net I2S_SPI2_CK)
    (add_net I2S_SPI2_SD)
    (add_net I2S_SPI2_WS)
    (add_net MODE_SW)
    (add_net NEOPIX_ROCKET_L)
    (add_net NEOPIX_ROCKET_L_5V)
    (add_net NEOPIX_ROCKET_R)
    (add_net NEOPIX_ROCKET_R_5V)
    (add_net NEOPIX_STARS)
    (add_net NEOPIX_STARS_5V)
    (add_net "Net-(D1-Pad2)")
    (add_net "Net-(J10-Pad2)")
    (add_net "Net-(J10-Pad3)")
    (add_net "Net-(J11-Pad3)")
    (add_net "Net-(J12-Pad2)")
    (add_net "Net-(J12-Pad3)")
    (add_net "Net-(J13-Pad2)")
    (add_net "Net-(J13-Pad3)")
    (add_net "Net-(J16-Pad3)")
    (add_net "Net-(J17-Pad2)")
    (add_net "Net-(J17-Pad3)")
    (add_net "Net-(J18-Pad2)")
    (add_net "Net-(J18-Pad3)")
    (add_net "Net-(J2-Pad10)")
    (add_net "Net-(J2-Pad6)")
    (add_net "Net-(J2-Pad7)")
    (add_net "Net-(J2-Pad8)")
    (add_net "Net-(J2-Pad9)")
    (add_net "Net-(J21-Pad3)")
    (add_net "Net-(J22-Pad2)")
    (add_net "Net-(J22-Pad3)")
    (add_net "Net-(J23-Pad2)")
    (add_net "Net-(J23-Pad3)")
    (add_net "Net-(J26-Pad3)")
    (add_net "Net-(J27-Pad2)")
    (add_net "Net-(J27-Pad3)")
    (add_net "Net-(J29-Pad3)")
    (add_net "Net-(J3-Pad1)")
    (add_net "Net-(J3-Pad8)")
    (add_net "Net-(J30-Pad3)")
    (add_net "Net-(J30-Pad4)")
    (add_net "Net-(J31-Pad3)")
    (add_net "Net-(J31-Pad4)")
    (add_net "Net-(J32-Pad3)")
    (add_net "Net-(J32-Pad4)")
    (add_net "Net-(J33-Pad3)")
    (add_net "Net-(J33-Pad4)")
    (add_net "Net-(J34-Pad3)")
    (add_net "Net-(J34-Pad4)")
    (add_net "Net-(J35-Pad3)")
    (add_net "Net-(J35-Pad4)")
    (add_net "Net-(J36-Pad3)")
    (add_net "Net-(J36-Pad4)")
    (add_net "Net-(J37-Pad3)")
    (add_net "Net-(J37-Pad4)")
    (add_net "Net-(J38-Pad3)")
    (add_net "Net-(J38-Pad4)")
    (add_net "Net-(J39-Pad3)")
    (add_net "Net-(J39-Pad4)")
    (add_net "Net-(J4-Pad1)")
    (add_net "Net-(J4-Pad2)")
    (add_net "Net-(J40-Pad3)")
    (add_net "Net-(J40-Pad4)")
    (add_net "Net-(J40-Pad5)")
    (add_net "Net-(J41-Pad3)")
    (add_net "Net-(J41-Pad4)")
    (add_net "Net-(J41-Pad5)")
    (add_net "Net-(J5-Pad1)")
    (add_net "Net-(J5-Pad2)")
    (add_net "Net-(J6-Pad2)")
    (add_net "Net-(J6-Pad3)")
    (add_net "Net-(J7-Pad2)")
    (add_net "Net-(R10-Pad1)")
    (add_net "Net-(R11-Pad1)")
    (add_net "Net-(R12-Pad2)")
    (add_net "Net-(R14-Pad2)")
    (add_net "Net-(R18-Pad1)")
    (add_net "Net-(R19-Pad1)")
    (add_net "Net-(R20-Pad1)")
    (add_net "Net-(R4-Pad2)")
    (add_net "Net-(R5-Pad2)")
    (add_net "Net-(R7-Pad1)")
    (add_net "Net-(R8-Pad1)")
    (add_net "Net-(R9-Pad1)")
    (add_net "Net-(U1-Pad4)")
    (add_net "Net-(U2-Pad1)")
    (add_net "Net-(U2-Pad10)")
    (add_net "Net-(U2-Pad12)")
    (add_net "Net-(U2-Pad13)")
    (add_net "Net-(U2-Pad2)")
    (add_net "Net-(U2-Pad33)")
    (add_net "Net-(U2-Pad41)")
    (add_net "Net-(U2-Pad47)")
    (add_net "Net-(U2-Pad5)")
    (add_net "Net-(U2-Pad55)")
    (add_net "Net-(U2-Pad56)")
    (add_net "Net-(U2-Pad59)")
    (add_net "Net-(U2-Pad60)")
    (add_net "Net-(U2-Pad61)")
    (add_net "Net-(U2-Pad67)")
    (add_net "Net-(U2-Pad78)")
    (add_net "Net-(U2-Pad79)")
    (add_net "Net-(U2-Pad80)")
    (add_net "Net-(U2-Pad83)")
    (add_net "Net-(U2-Pad84)")
    (add_net "Net-(U2-Pad85)")
    (add_net "Net-(U2-Pad86)")
    (add_net "Net-(U2-Pad87)")
    (add_net "Net-(U2-Pad88)")
    (add_net "Net-(U2-Pad9)")
    (add_net "Net-(U2-Pad91)")
    (add_net "Net-(U2-Pad95)")
    (add_net "Net-(U2-Pad96)")
    (add_net "Net-(U2-Pad97)")
    (add_net "Net-(U2-Pad98)")
    (add_net "Net-(U3-Pad12)")
    (add_net "Net-(U3-Pad13)")
    (add_net "Net-(U3-Pad5)")
    (add_net "Net-(U3-Pad6)")
    (add_net "Net-(U4-Pad12)")
    (add_net "Net-(U4-Pad13)")
    (add_net "Net-(U4-Pad5)")
    (add_net "Net-(U4-Pad6)")
    (add_net "Net-(U5-Pad3)")
    (add_net SD_DET_A)
    (add_net SD_DET_B)
    (add_net SD_SPI1_CS_N)
    (add_net SD_SPI1_MISO)
    (add_net SD_SPI1_MOSI)
    (add_net SD_SPI1_SCK)
    (add_net SWD_RST_N)
    (add_net SWD_SWCLK)
    (add_net SWD_SWDIO)
    (add_net TOUCH_G1_2_STAR_3)
    (add_net TOUCH_G1_3_STAR_4)
    (add_net TOUCH_G1_4_STAR_5)
    (add_net TOUCH_G2_2_STAR_6)
    (add_net TOUCH_G2_3_STAR_7)
    (add_net TOUCH_G2_4_STAR_8)
    (add_net TOUCH_G3_2_STAR_9)
    (add_net TOUCH_G3_3_STAR_10)
    (add_net TOUCH_G3_4_STAR_11)
    (add_net TOUCH_G4_2_STAR_18)
    (add_net TOUCH_G4_3_STAR_19)
    (add_net TOUCH_G4_4_STAR_20)
    (add_net TOUCH_G5_2_STAR_21)
    (add_net TOUCH_G5_3_STAR_22)
    (add_net TOUCH_G5_4_STAR_23)
    (add_net TOUCH_G6_2_STAR_12)
    (add_net TOUCH_G6_3_STAR_13)
    (add_net TOUCH_G6_4_STAR_14)
    (add_net TOUCH_G7_2_STAR_0)
    (add_net TOUCH_G7_3_STAR_1)
    (add_net TOUCH_G7_4_STAR_2)
    (add_net TOUCH_G8_2_STAR_15)
    (add_net TOUCH_G8_3_STAR_16)
    (add_net TOUCH_G8_4_STAR_17)
  )

  (module Connector_JST:JST_SH_BM05B-SRSS-TB_1x05-1MP_P1.00mm_Vertical (layer F.Cu) (tedit 5F5F5348) (tstamp 5F6298BC)
    (at 125.6195 53.9365 270)
    (descr "JST SH series connector, BM05B-SRSS-TB (http://www.jst-mfg.com/product/pdf/eng/eSH.pdf), generated with kicad-footprint-generator")
    (tags "connector JST SH side entry")
    (path /5F516ECA/5F46620B)
    (attr smd)
    (fp_text reference J6 (at 0 -3.3 270) (layer F.SilkS)
      (effects (font (size 1 1) (thickness 0.15)))
    )
    (fp_text value Conn_01x05_Male (at 0 3.3 270) (layer F.Fab) hide
      (effects (font (size 1 1) (thickness 0.15)))
    )
    (fp_line (start -3.5 1) (end 3.5 1) (layer F.Fab) (width 0.1))
    (fp_line (start -3.61 -0.04) (end -3.61 1.11) (layer F.SilkS) (width 0.12))
    (fp_line (start -3.61 1.11) (end -2.56 1.11) (layer F.SilkS) (width 0.12))
    (fp_line (start -2.56 1.11) (end -2.56 2.1) (layer F.SilkS) (width 0.12))
    (fp_line (start 3.61 -0.04) (end 3.61 1.11) (layer F.SilkS) (width 0.12))
    (fp_line (start 3.61 1.11) (end 2.56 1.11) (layer F.SilkS) (width 0.12))
    (fp_line (start -2.44 -2.01) (end 2.44 -2.01) (layer F.SilkS) (width 0.12))
    (fp_line (start -3.5 -1.9) (end 3.5 -1.9) (layer F.Fab) (width 0.1))
    (fp_line (start -3.5 1) (end -3.5 -1.9) (layer F.Fab) (width 0.1))
    (fp_line (start 3.5 1) (end 3.5 -1.9) (layer F.Fab) (width 0.1))
    (fp_line (start -2.15 -1.55) (end -2.15 -0.95) (layer F.Fab) (width 0.1))
    (fp_line (start -2.15 -0.95) (end -1.85 -0.95) (layer F.Fab) (width 0.1))
    (fp_line (start -1.85 -0.95) (end -1.85 -1.55) (layer F.Fab) (width 0.1))
    (fp_line (start -1.85 -1.55) (end -2.15 -1.55) (layer F.Fab) (width 0.1))
    (fp_line (start -1.15 -1.55) (end -1.15 -0.95) (layer F.Fab) (width 0.1))
    (fp_line (start -1.15 -0.95) (end -0.85 -0.95) (layer F.Fab) (width 0.1))
    (fp_line (start -0.85 -0.95) (end -0.85 -1.55) (layer F.Fab) (width 0.1))
    (fp_line (start -0.85 -1.55) (end -1.15 -1.55) (layer F.Fab) (width 0.1))
    (fp_line (start -0.15 -1.55) (end -0.15 -0.95) (layer F.Fab) (width 0.1))
    (fp_line (start -0.15 -0.95) (end 0.15 -0.95) (layer F.Fab) (width 0.1))
    (fp_line (start 0.15 -0.95) (end 0.15 -1.55) (layer F.Fab) (width 0.1))
    (fp_line (start 0.15 -1.55) (end -0.15 -1.55) (layer F.Fab) (width 0.1))
    (fp_line (start 0.85 -1.55) (end 0.85 -0.95) (layer F.Fab) (width 0.1))
    (fp_line (start 0.85 -0.95) (end 1.15 -0.95) (layer F.Fab) (width 0.1))
    (fp_line (start 1.15 -0.95) (end 1.15 -1.55) (layer F.Fab) (width 0.1))
    (fp_line (start 1.15 -1.55) (end 0.85 -1.55) (layer F.Fab) (width 0.1))
    (fp_line (start 1.85 -1.55) (end 1.85 -0.95) (layer F.Fab) (width 0.1))
    (fp_line (start 1.85 -0.95) (end 2.15 -0.95) (layer F.Fab) (width 0.1))
    (fp_line (start 2.15 -0.95) (end 2.15 -1.55) (layer F.Fab) (width 0.1))
    (fp_line (start 2.15 -1.55) (end 1.85 -1.55) (layer F.Fab) (width 0.1))
    (fp_line (start -4.4 -2.6) (end -4.4 2.6) (layer F.CrtYd) (width 0.05))
    (fp_line (start -4.4 2.6) (end 4.4 2.6) (layer F.CrtYd) (width 0.05))
    (fp_line (start 4.4 2.6) (end 4.4 -2.6) (layer F.CrtYd) (width 0.05))
    (fp_line (start 4.4 -2.6) (end -4.4 -2.6) (layer F.CrtYd) (width 0.05))
    (fp_line (start -2.5 1) (end -2 0.292893) (layer F.Fab) (width 0.1))
    (fp_line (start -2 0.292893) (end -1.5 1) (layer F.Fab) (width 0.1))
    (fp_text user %R (at 0 -0.25 270) (layer F.Fab)
      (effects (font (size 1 1) (thickness 0.15)))
    )
    (pad 1 smd roundrect (at -2 1.325 270) (size 0.6 1.55) (layers F.Cu F.Paste F.Mask) (roundrect_rratio 0.25)
      (net 1 +5V))
    (pad 2 smd roundrect (at -1 1.325 270) (size 0.6 1.55) (layers F.Cu F.Paste F.Mask) (roundrect_rratio 0.25)
      (net 31 "Net-(J6-Pad2)"))
    (pad 3 smd roundrect (at 0 1.325 270) (size 0.6 1.55) (layers F.Cu F.Paste F.Mask) (roundrect_rratio 0.25)
      (net 32 "Net-(J6-Pad3)"))
    (pad 4 smd roundrect (at 1 1.325 270) (size 0.6 1.55) (layers F.Cu F.Paste F.Mask) (roundrect_rratio 0.25)
      (net 33 TOUCH_G7_3_STAR_1))
    (pad 5 smd roundrect (at 2 1.325 270) (size 0.6 1.55) (layers F.Cu F.Paste F.Mask) (roundrect_rratio 0.25)
      (net 2 GND))
    (pad MP smd roundrect (at -3.3 -1.2 270) (size 1.2 1.8) (layers F.Cu F.Paste F.Mask) (roundrect_rratio 0.208333))
    (pad MP smd roundrect (at 3.3 -1.2 270) (size 1.2 1.8) (layers F.Cu F.Paste F.Mask) (roundrect_rratio 0.208333))
    (model ${KISYS3DMOD}/Connector_JST.3dshapes/JST_SH_BM05B-SRSS-TB_1x05-1MP_P1.00mm_Vertical.wrl
      (at (xyz 0 0 0))
      (scale (xyz 1 1 1))
      (rotate (xyz 0 0 0))
    )
  )

  (module Capacitor_SMD:C_1206_3216Metric_Pad1.42x1.75mm_HandSolder (layer F.Cu) (tedit 5B301BBE) (tstamp 5F5C388D)
    (at 216.0905 111.7965 270)
    (descr "Capacitor SMD 1206 (3216 Metric), square (rectangular) end terminal, IPC_7351 nominal with elongated pad for handsoldering. (Body size source: http://www.tortai-tech.com/upload/download/2011102023233369053.pdf), generated with kicad-footprint-generator")
    (tags "capacitor handsolder")
    (path /5F401B81)
    (attr smd)
    (fp_text reference C1 (at 0 -2.3495) (layer F.SilkS)
      (effects (font (size 1 1) (thickness 0.15)))
    )
    (fp_text value 100u (at 0 1.82 270) (layer F.Fab) hide
      (effects (font (size 1 1) (thickness 0.15)))
    )
    (fp_line (start -1.6 0.8) (end -1.6 -0.8) (layer F.Fab) (width 0.1))
    (fp_line (start -1.6 -0.8) (end 1.6 -0.8) (layer F.Fab) (width 0.1))
    (fp_line (start 1.6 -0.8) (end 1.6 0.8) (layer F.Fab) (width 0.1))
    (fp_line (start 1.6 0.8) (end -1.6 0.8) (layer F.Fab) (width 0.1))
    (fp_line (start -0.602064 -0.91) (end 0.602064 -0.91) (layer F.SilkS) (width 0.12))
    (fp_line (start -0.602064 0.91) (end 0.602064 0.91) (layer F.SilkS) (width 0.12))
    (fp_line (start -2.45 1.12) (end -2.45 -1.12) (layer F.CrtYd) (width 0.05))
    (fp_line (start -2.45 -1.12) (end 2.45 -1.12) (layer F.CrtYd) (width 0.05))
    (fp_line (start 2.45 -1.12) (end 2.45 1.12) (layer F.CrtYd) (width 0.05))
    (fp_line (start 2.45 1.12) (end -2.45 1.12) (layer F.CrtYd) (width 0.05))
    (fp_text user %R (at 0 0 270) (layer F.Fab)
      (effects (font (size 0.8 0.8) (thickness 0.12)))
    )
    (pad 1 smd roundrect (at -1.4875 0 270) (size 1.425 1.75) (layers F.Cu F.Paste F.Mask) (roundrect_rratio 0.175439)
      (net 1 +5V))
    (pad 2 smd roundrect (at 1.4875 0 270) (size 1.425 1.75) (layers F.Cu F.Paste F.Mask) (roundrect_rratio 0.175439)
      (net 2 GND))
    (model ${KISYS3DMOD}/Capacitor_SMD.3dshapes/C_1206_3216Metric.wrl
      (at (xyz 0 0 0))
      (scale (xyz 1 1 1))
      (rotate (xyz 0 0 0))
    )
  )

  (module Capacitor_SMD:C_0603_1608Metric_Pad1.05x0.95mm_HandSolder (layer F.Cu) (tedit 5B301BBE) (tstamp 5F5C389E)
    (at 208.675 110.744)
    (descr "Capacitor SMD 0603 (1608 Metric), square (rectangular) end terminal, IPC_7351 nominal with elongated pad for handsoldering. (Body size source: http://www.tortai-tech.com/upload/download/2011102023233369053.pdf), generated with kicad-footprint-generator")
    (tags "capacitor handsolder")
    (path /5F4008A4)
    (attr smd)
    (fp_text reference C2 (at -3.062 0.0635) (layer F.SilkS)
      (effects (font (size 1 1) (thickness 0.15)))
    )
    (fp_text value 10u (at 0 1.43) (layer F.Fab) hide
      (effects (font (size 1 1) (thickness 0.15)))
    )
    (fp_text user %R (at 0 0) (layer F.Fab)
      (effects (font (size 0.4 0.4) (thickness 0.06)))
    )
    (fp_line (start 1.65 0.73) (end -1.65 0.73) (layer F.CrtYd) (width 0.05))
    (fp_line (start 1.65 -0.73) (end 1.65 0.73) (layer F.CrtYd) (width 0.05))
    (fp_line (start -1.65 -0.73) (end 1.65 -0.73) (layer F.CrtYd) (width 0.05))
    (fp_line (start -1.65 0.73) (end -1.65 -0.73) (layer F.CrtYd) (width 0.05))
    (fp_line (start -0.171267 0.51) (end 0.171267 0.51) (layer F.SilkS) (width 0.12))
    (fp_line (start -0.171267 -0.51) (end 0.171267 -0.51) (layer F.SilkS) (width 0.12))
    (fp_line (start 0.8 0.4) (end -0.8 0.4) (layer F.Fab) (width 0.1))
    (fp_line (start 0.8 -0.4) (end 0.8 0.4) (layer F.Fab) (width 0.1))
    (fp_line (start -0.8 -0.4) (end 0.8 -0.4) (layer F.Fab) (width 0.1))
    (fp_line (start -0.8 0.4) (end -0.8 -0.4) (layer F.Fab) (width 0.1))
    (pad 2 smd roundrect (at 0.875 0) (size 1.05 0.95) (layers F.Cu F.Paste F.Mask) (roundrect_rratio 0.25)
      (net 2 GND))
    (pad 1 smd roundrect (at -0.875 0) (size 1.05 0.95) (layers F.Cu F.Paste F.Mask) (roundrect_rratio 0.25)
      (net 1 +5V))
    (model ${KISYS3DMOD}/Capacitor_SMD.3dshapes/C_0603_1608Metric.wrl
      (at (xyz 0 0 0))
      (scale (xyz 1 1 1))
      (rotate (xyz 0 0 0))
    )
  )

  (module Capacitor_SMD:C_0603_1608Metric_Pad1.05x0.95mm_HandSolder (layer F.Cu) (tedit 5B301BBE) (tstamp 5F5C38AF)
    (at 208.647 108.458)
    (descr "Capacitor SMD 0603 (1608 Metric), square (rectangular) end terminal, IPC_7351 nominal with elongated pad for handsoldering. (Body size source: http://www.tortai-tech.com/upload/download/2011102023233369053.pdf), generated with kicad-footprint-generator")
    (tags "capacitor handsolder")
    (path /5F406246)
    (attr smd)
    (fp_text reference C3 (at -3.316 -0.0635) (layer F.SilkS)
      (effects (font (size 1 1) (thickness 0.15)))
    )
    (fp_text value 1u (at 0 1.43) (layer F.Fab) hide
      (effects (font (size 1 1) (thickness 0.15)))
    )
    (fp_line (start -0.8 0.4) (end -0.8 -0.4) (layer F.Fab) (width 0.1))
    (fp_line (start -0.8 -0.4) (end 0.8 -0.4) (layer F.Fab) (width 0.1))
    (fp_line (start 0.8 -0.4) (end 0.8 0.4) (layer F.Fab) (width 0.1))
    (fp_line (start 0.8 0.4) (end -0.8 0.4) (layer F.Fab) (width 0.1))
    (fp_line (start -0.171267 -0.51) (end 0.171267 -0.51) (layer F.SilkS) (width 0.12))
    (fp_line (start -0.171267 0.51) (end 0.171267 0.51) (layer F.SilkS) (width 0.12))
    (fp_line (start -1.65 0.73) (end -1.65 -0.73) (layer F.CrtYd) (width 0.05))
    (fp_line (start -1.65 -0.73) (end 1.65 -0.73) (layer F.CrtYd) (width 0.05))
    (fp_line (start 1.65 -0.73) (end 1.65 0.73) (layer F.CrtYd) (width 0.05))
    (fp_line (start 1.65 0.73) (end -1.65 0.73) (layer F.CrtYd) (width 0.05))
    (fp_text user %R (at 0 0) (layer F.Fab)
      (effects (font (size 0.4 0.4) (thickness 0.06)))
    )
    (pad 1 smd roundrect (at -0.875 0) (size 1.05 0.95) (layers F.Cu F.Paste F.Mask) (roundrect_rratio 0.25)
      (net 1 +5V))
    (pad 2 smd roundrect (at 0.875 0) (size 1.05 0.95) (layers F.Cu F.Paste F.Mask) (roundrect_rratio 0.25)
      (net 2 GND))
    (model ${KISYS3DMOD}/Capacitor_SMD.3dshapes/C_0603_1608Metric.wrl
      (at (xyz 0 0 0))
      (scale (xyz 1 1 1))
      (rotate (xyz 0 0 0))
    )
  )

  (module Capacitor_SMD:C_0603_1608Metric_Pad1.05x0.95mm_HandSolder (layer F.Cu) (tedit 5B301BBE) (tstamp 5F5C38C0)
    (at 158.6865 81.661 90)
    (descr "Capacitor SMD 0603 (1608 Metric), square (rectangular) end terminal, IPC_7351 nominal with elongated pad for handsoldering. (Body size source: http://www.tortai-tech.com/upload/download/2011102023233369053.pdf), generated with kicad-footprint-generator")
    (tags "capacitor handsolder")
    (path /5F42F958)
    (attr smd)
    (fp_text reference C4 (at 2.3495 0 180) (layer F.SilkS)
      (effects (font (size 1 1) (thickness 0.15)))
    )
    (fp_text value 0.1u (at 0 1.43 90) (layer F.Fab) hide
      (effects (font (size 1 1) (thickness 0.15)))
    )
    (fp_text user %R (at 0 0 90) (layer F.Fab)
      (effects (font (size 0.4 0.4) (thickness 0.06)))
    )
    (fp_line (start 1.65 0.73) (end -1.65 0.73) (layer F.CrtYd) (width 0.05))
    (fp_line (start 1.65 -0.73) (end 1.65 0.73) (layer F.CrtYd) (width 0.05))
    (fp_line (start -1.65 -0.73) (end 1.65 -0.73) (layer F.CrtYd) (width 0.05))
    (fp_line (start -1.65 0.73) (end -1.65 -0.73) (layer F.CrtYd) (width 0.05))
    (fp_line (start -0.171267 0.51) (end 0.171267 0.51) (layer F.SilkS) (width 0.12))
    (fp_line (start -0.171267 -0.51) (end 0.171267 -0.51) (layer F.SilkS) (width 0.12))
    (fp_line (start 0.8 0.4) (end -0.8 0.4) (layer F.Fab) (width 0.1))
    (fp_line (start 0.8 -0.4) (end 0.8 0.4) (layer F.Fab) (width 0.1))
    (fp_line (start -0.8 -0.4) (end 0.8 -0.4) (layer F.Fab) (width 0.1))
    (fp_line (start -0.8 0.4) (end -0.8 -0.4) (layer F.Fab) (width 0.1))
    (pad 2 smd roundrect (at 0.875 0 90) (size 1.05 0.95) (layers F.Cu F.Paste F.Mask) (roundrect_rratio 0.25)
      (net 2 GND))
    (pad 1 smd roundrect (at -0.875 0 90) (size 1.05 0.95) (layers F.Cu F.Paste F.Mask) (roundrect_rratio 0.25)
      (net 3 +3V3))
    (model ${KISYS3DMOD}/Capacitor_SMD.3dshapes/C_0603_1608Metric.wrl
      (at (xyz 0 0 0))
      (scale (xyz 1 1 1))
      (rotate (xyz 0 0 0))
    )
  )

  (module Capacitor_SMD:C_0603_1608Metric_Pad1.05x0.95mm_HandSolder (layer F.Cu) (tedit 5B301BBE) (tstamp 5F5C38D1)
    (at 154.4955 93.9025 270)
    (descr "Capacitor SMD 0603 (1608 Metric), square (rectangular) end terminal, IPC_7351 nominal with elongated pad for handsoldering. (Body size source: http://www.tortai-tech.com/upload/download/2011102023233369053.pdf), generated with kicad-footprint-generator")
    (tags "capacitor handsolder")
    (path /5F43100E)
    (attr smd)
    (fp_text reference C5 (at 2.808 -0.254) (layer F.SilkS)
      (effects (font (size 1 1) (thickness 0.15)))
    )
    (fp_text value 0.1u (at 0 1.43 270) (layer F.Fab) hide
      (effects (font (size 1 1) (thickness 0.15)))
    )
    (fp_line (start -0.8 0.4) (end -0.8 -0.4) (layer F.Fab) (width 0.1))
    (fp_line (start -0.8 -0.4) (end 0.8 -0.4) (layer F.Fab) (width 0.1))
    (fp_line (start 0.8 -0.4) (end 0.8 0.4) (layer F.Fab) (width 0.1))
    (fp_line (start 0.8 0.4) (end -0.8 0.4) (layer F.Fab) (width 0.1))
    (fp_line (start -0.171267 -0.51) (end 0.171267 -0.51) (layer F.SilkS) (width 0.12))
    (fp_line (start -0.171267 0.51) (end 0.171267 0.51) (layer F.SilkS) (width 0.12))
    (fp_line (start -1.65 0.73) (end -1.65 -0.73) (layer F.CrtYd) (width 0.05))
    (fp_line (start -1.65 -0.73) (end 1.65 -0.73) (layer F.CrtYd) (width 0.05))
    (fp_line (start 1.65 -0.73) (end 1.65 0.73) (layer F.CrtYd) (width 0.05))
    (fp_line (start 1.65 0.73) (end -1.65 0.73) (layer F.CrtYd) (width 0.05))
    (fp_text user %R (at 0 0 270) (layer F.Fab)
      (effects (font (size 0.4 0.4) (thickness 0.06)))
    )
    (pad 1 smd roundrect (at -0.875 0 270) (size 1.05 0.95) (layers F.Cu F.Paste F.Mask) (roundrect_rratio 0.25)
      (net 3 +3V3))
    (pad 2 smd roundrect (at 0.875 0 270) (size 1.05 0.95) (layers F.Cu F.Paste F.Mask) (roundrect_rratio 0.25)
      (net 2 GND))
    (model ${KISYS3DMOD}/Capacitor_SMD.3dshapes/C_0603_1608Metric.wrl
      (at (xyz 0 0 0))
      (scale (xyz 1 1 1))
      (rotate (xyz 0 0 0))
    )
  )

  (module Capacitor_SMD:C_0603_1608Metric_Pad1.05x0.95mm_HandSolder (layer F.Cu) (tedit 5B301BBE) (tstamp 5F5C38E2)
    (at 179.8815 94.4245)
    (descr "Capacitor SMD 0603 (1608 Metric), square (rectangular) end terminal, IPC_7351 nominal with elongated pad for handsoldering. (Body size source: http://www.tortai-tech.com/upload/download/2011102023233369053.pdf), generated with kicad-footprint-generator")
    (tags "capacitor handsolder")
    (path /5F4314A7)
    (attr smd)
    (fp_text reference C6 (at 2.9985 0.0635 -180) (layer F.SilkS)
      (effects (font (size 1 1) (thickness 0.15)))
    )
    (fp_text value 0.1u (at 0 1.43) (layer F.Fab) hide
      (effects (font (size 1 1) (thickness 0.15)))
    )
    (fp_text user %R (at 0 0) (layer F.Fab)
      (effects (font (size 0.4 0.4) (thickness 0.06)))
    )
    (fp_line (start 1.65 0.73) (end -1.65 0.73) (layer F.CrtYd) (width 0.05))
    (fp_line (start 1.65 -0.73) (end 1.65 0.73) (layer F.CrtYd) (width 0.05))
    (fp_line (start -1.65 -0.73) (end 1.65 -0.73) (layer F.CrtYd) (width 0.05))
    (fp_line (start -1.65 0.73) (end -1.65 -0.73) (layer F.CrtYd) (width 0.05))
    (fp_line (start -0.171267 0.51) (end 0.171267 0.51) (layer F.SilkS) (width 0.12))
    (fp_line (start -0.171267 -0.51) (end 0.171267 -0.51) (layer F.SilkS) (width 0.12))
    (fp_line (start 0.8 0.4) (end -0.8 0.4) (layer F.Fab) (width 0.1))
    (fp_line (start 0.8 -0.4) (end 0.8 0.4) (layer F.Fab) (width 0.1))
    (fp_line (start -0.8 -0.4) (end 0.8 -0.4) (layer F.Fab) (width 0.1))
    (fp_line (start -0.8 0.4) (end -0.8 -0.4) (layer F.Fab) (width 0.1))
    (pad 2 smd roundrect (at 0.875 0) (size 1.05 0.95) (layers F.Cu F.Paste F.Mask) (roundrect_rratio 0.25)
      (net 2 GND))
    (pad 1 smd roundrect (at -0.875 0) (size 1.05 0.95) (layers F.Cu F.Paste F.Mask) (roundrect_rratio 0.25)
      (net 3 +3V3))
    (model ${KISYS3DMOD}/Capacitor_SMD.3dshapes/C_0603_1608Metric.wrl
      (at (xyz 0 0 0))
      (scale (xyz 1 1 1))
      (rotate (xyz 0 0 0))
    )
  )

  (module Capacitor_SMD:C_0603_1608Metric_Pad1.05x0.95mm_HandSolder (layer F.Cu) (tedit 5B301BBE) (tstamp 5F5C38F3)
    (at 208.774 100.9015)
    (descr "Capacitor SMD 0603 (1608 Metric), square (rectangular) end terminal, IPC_7351 nominal with elongated pad for handsoldering. (Body size source: http://www.tortai-tech.com/upload/download/2011102023233369053.pdf), generated with kicad-footprint-generator")
    (tags "capacitor handsolder")
    (path /5F410747)
    (attr smd)
    (fp_text reference C7 (at -3.161 0) (layer F.SilkS)
      (effects (font (size 1 1) (thickness 0.15)))
    )
    (fp_text value 10u (at 0 1.43) (layer F.Fab) hide
      (effects (font (size 1 1) (thickness 0.15)))
    )
    (fp_text user %R (at 0 0) (layer F.Fab)
      (effects (font (size 0.4 0.4) (thickness 0.06)))
    )
    (fp_line (start 1.65 0.73) (end -1.65 0.73) (layer F.CrtYd) (width 0.05))
    (fp_line (start 1.65 -0.73) (end 1.65 0.73) (layer F.CrtYd) (width 0.05))
    (fp_line (start -1.65 -0.73) (end 1.65 -0.73) (layer F.CrtYd) (width 0.05))
    (fp_line (start -1.65 0.73) (end -1.65 -0.73) (layer F.CrtYd) (width 0.05))
    (fp_line (start -0.171267 0.51) (end 0.171267 0.51) (layer F.SilkS) (width 0.12))
    (fp_line (start -0.171267 -0.51) (end 0.171267 -0.51) (layer F.SilkS) (width 0.12))
    (fp_line (start 0.8 0.4) (end -0.8 0.4) (layer F.Fab) (width 0.1))
    (fp_line (start 0.8 -0.4) (end 0.8 0.4) (layer F.Fab) (width 0.1))
    (fp_line (start -0.8 -0.4) (end 0.8 -0.4) (layer F.Fab) (width 0.1))
    (fp_line (start -0.8 0.4) (end -0.8 -0.4) (layer F.Fab) (width 0.1))
    (pad 2 smd roundrect (at 0.875 0) (size 1.05 0.95) (layers F.Cu F.Paste F.Mask) (roundrect_rratio 0.25)
      (net 2 GND))
    (pad 1 smd roundrect (at -0.875 0) (size 1.05 0.95) (layers F.Cu F.Paste F.Mask) (roundrect_rratio 0.25)
      (net 3 +3V3))
    (model ${KISYS3DMOD}/Capacitor_SMD.3dshapes/C_0603_1608Metric.wrl
      (at (xyz 0 0 0))
      (scale (xyz 1 1 1))
      (rotate (xyz 0 0 0))
    )
  )

  (module Capacitor_SMD:C_0603_1608Metric_Pad1.05x0.95mm_HandSolder (layer F.Cu) (tedit 5B301BBE) (tstamp 5F5C3904)
    (at 181.342 79.629)
    (descr "Capacitor SMD 0603 (1608 Metric), square (rectangular) end terminal, IPC_7351 nominal with elongated pad for handsoldering. (Body size source: http://www.tortai-tech.com/upload/download/2011102023233369053.pdf), generated with kicad-footprint-generator")
    (tags "capacitor handsolder")
    (path /5F431B2D)
    (attr smd)
    (fp_text reference C8 (at 0 -1.43) (layer F.SilkS)
      (effects (font (size 1 1) (thickness 0.15)))
    )
    (fp_text value 0.1u (at 0 1.43) (layer F.Fab) hide
      (effects (font (size 1 1) (thickness 0.15)))
    )
    (fp_text user %R (at 0 0) (layer F.Fab)
      (effects (font (size 0.4 0.4) (thickness 0.06)))
    )
    (fp_line (start 1.65 0.73) (end -1.65 0.73) (layer F.CrtYd) (width 0.05))
    (fp_line (start 1.65 -0.73) (end 1.65 0.73) (layer F.CrtYd) (width 0.05))
    (fp_line (start -1.65 -0.73) (end 1.65 -0.73) (layer F.CrtYd) (width 0.05))
    (fp_line (start -1.65 0.73) (end -1.65 -0.73) (layer F.CrtYd) (width 0.05))
    (fp_line (start -0.171267 0.51) (end 0.171267 0.51) (layer F.SilkS) (width 0.12))
    (fp_line (start -0.171267 -0.51) (end 0.171267 -0.51) (layer F.SilkS) (width 0.12))
    (fp_line (start 0.8 0.4) (end -0.8 0.4) (layer F.Fab) (width 0.1))
    (fp_line (start 0.8 -0.4) (end 0.8 0.4) (layer F.Fab) (width 0.1))
    (fp_line (start -0.8 -0.4) (end 0.8 -0.4) (layer F.Fab) (width 0.1))
    (fp_line (start -0.8 0.4) (end -0.8 -0.4) (layer F.Fab) (width 0.1))
    (pad 2 smd roundrect (at 0.875 0) (size 1.05 0.95) (layers F.Cu F.Paste F.Mask) (roundrect_rratio 0.25)
      (net 2 GND))
    (pad 1 smd roundrect (at -0.875 0) (size 1.05 0.95) (layers F.Cu F.Paste F.Mask) (roundrect_rratio 0.25)
      (net 3 +3V3))
    (model ${KISYS3DMOD}/Capacitor_SMD.3dshapes/C_0603_1608Metric.wrl
      (at (xyz 0 0 0))
      (scale (xyz 1 1 1))
      (rotate (xyz 0 0 0))
    )
  )

  (module Capacitor_SMD:C_0603_1608Metric_Pad1.05x0.95mm_HandSolder (layer F.Cu) (tedit 5B301BBE) (tstamp 5F5C3915)
    (at 165.1775 75.184)
    (descr "Capacitor SMD 0603 (1608 Metric), square (rectangular) end terminal, IPC_7351 nominal with elongated pad for handsoldering. (Body size source: http://www.tortai-tech.com/upload/download/2011102023233369053.pdf), generated with kicad-footprint-generator")
    (tags "capacitor handsolder")
    (path /5F43224C)
    (attr smd)
    (fp_text reference C9 (at 0 -1.43) (layer F.SilkS)
      (effects (font (size 1 1) (thickness 0.15)))
    )
    (fp_text value 0.1u (at 0 1.43) (layer F.Fab) hide
      (effects (font (size 1 1) (thickness 0.15)))
    )
    (fp_line (start -0.8 0.4) (end -0.8 -0.4) (layer F.Fab) (width 0.1))
    (fp_line (start -0.8 -0.4) (end 0.8 -0.4) (layer F.Fab) (width 0.1))
    (fp_line (start 0.8 -0.4) (end 0.8 0.4) (layer F.Fab) (width 0.1))
    (fp_line (start 0.8 0.4) (end -0.8 0.4) (layer F.Fab) (width 0.1))
    (fp_line (start -0.171267 -0.51) (end 0.171267 -0.51) (layer F.SilkS) (width 0.12))
    (fp_line (start -0.171267 0.51) (end 0.171267 0.51) (layer F.SilkS) (width 0.12))
    (fp_line (start -1.65 0.73) (end -1.65 -0.73) (layer F.CrtYd) (width 0.05))
    (fp_line (start -1.65 -0.73) (end 1.65 -0.73) (layer F.CrtYd) (width 0.05))
    (fp_line (start 1.65 -0.73) (end 1.65 0.73) (layer F.CrtYd) (width 0.05))
    (fp_line (start 1.65 0.73) (end -1.65 0.73) (layer F.CrtYd) (width 0.05))
    (fp_text user %R (at 0 0) (layer F.Fab)
      (effects (font (size 0.4 0.4) (thickness 0.06)))
    )
    (pad 1 smd roundrect (at -0.875 0) (size 1.05 0.95) (layers F.Cu F.Paste F.Mask) (roundrect_rratio 0.25)
      (net 3 +3V3))
    (pad 2 smd roundrect (at 0.875 0) (size 1.05 0.95) (layers F.Cu F.Paste F.Mask) (roundrect_rratio 0.25)
      (net 2 GND))
    (model ${KISYS3DMOD}/Capacitor_SMD.3dshapes/C_0603_1608Metric.wrl
      (at (xyz 0 0 0))
      (scale (xyz 1 1 1))
      (rotate (xyz 0 0 0))
    )
  )

  (module Capacitor_SMD:C_0603_1608Metric_Pad1.05x0.95mm_HandSolder (layer F.Cu) (tedit 5B301BBE) (tstamp 5F5C3926)
    (at 160.9725 95.871 270)
    (descr "Capacitor SMD 0603 (1608 Metric), square (rectangular) end terminal, IPC_7351 nominal with elongated pad for handsoldering. (Body size source: http://www.tortai-tech.com/upload/download/2011102023233369053.pdf), generated with kicad-footprint-generator")
    (tags "capacitor handsolder")
    (path /5F455F85)
    (attr smd)
    (fp_text reference C10 (at 2.554 0.9525) (layer F.SilkS)
      (effects (font (size 1 1) (thickness 0.15)))
    )
    (fp_text value 0.01u (at 0 1.43 270) (layer F.Fab) hide
      (effects (font (size 1 1) (thickness 0.15)))
    )
    (fp_text user %R (at 0 0 270) (layer F.Fab)
      (effects (font (size 0.4 0.4) (thickness 0.06)))
    )
    (fp_line (start 1.65 0.73) (end -1.65 0.73) (layer F.CrtYd) (width 0.05))
    (fp_line (start 1.65 -0.73) (end 1.65 0.73) (layer F.CrtYd) (width 0.05))
    (fp_line (start -1.65 -0.73) (end 1.65 -0.73) (layer F.CrtYd) (width 0.05))
    (fp_line (start -1.65 0.73) (end -1.65 -0.73) (layer F.CrtYd) (width 0.05))
    (fp_line (start -0.171267 0.51) (end 0.171267 0.51) (layer F.SilkS) (width 0.12))
    (fp_line (start -0.171267 -0.51) (end 0.171267 -0.51) (layer F.SilkS) (width 0.12))
    (fp_line (start 0.8 0.4) (end -0.8 0.4) (layer F.Fab) (width 0.1))
    (fp_line (start 0.8 -0.4) (end 0.8 0.4) (layer F.Fab) (width 0.1))
    (fp_line (start -0.8 -0.4) (end 0.8 -0.4) (layer F.Fab) (width 0.1))
    (fp_line (start -0.8 0.4) (end -0.8 -0.4) (layer F.Fab) (width 0.1))
    (pad 2 smd roundrect (at 0.875 0 270) (size 1.05 0.95) (layers F.Cu F.Paste F.Mask) (roundrect_rratio 0.25)
      (net 2 GND))
    (pad 1 smd roundrect (at -0.875 0 270) (size 1.05 0.95) (layers F.Cu F.Paste F.Mask) (roundrect_rratio 0.25)
      (net 3 +3V3))
    (model ${KISYS3DMOD}/Capacitor_SMD.3dshapes/C_0603_1608Metric.wrl
      (at (xyz 0 0 0))
      (scale (xyz 1 1 1))
      (rotate (xyz 0 0 0))
    )
  )

  (module Capacitor_SMD:C_0603_1608Metric_Pad1.05x0.95mm_HandSolder (layer F.Cu) (tedit 5B301BBE) (tstamp 5F5C3937)
    (at 182.866 84.7725)
    (descr "Capacitor SMD 0603 (1608 Metric), square (rectangular) end terminal, IPC_7351 nominal with elongated pad for handsoldering. (Body size source: http://www.tortai-tech.com/upload/download/2011102023233369053.pdf), generated with kicad-footprint-generator")
    (tags "capacitor handsolder")
    (path /5F73ED16)
    (attr smd)
    (fp_text reference C11 (at 3.161 0.127) (layer F.SilkS)
      (effects (font (size 1 1) (thickness 0.15)))
    )
    (fp_text value 0.1u (at 0 1.43) (layer F.Fab) hide
      (effects (font (size 1 1) (thickness 0.15)))
    )
    (fp_line (start -0.8 0.4) (end -0.8 -0.4) (layer F.Fab) (width 0.1))
    (fp_line (start -0.8 -0.4) (end 0.8 -0.4) (layer F.Fab) (width 0.1))
    (fp_line (start 0.8 -0.4) (end 0.8 0.4) (layer F.Fab) (width 0.1))
    (fp_line (start 0.8 0.4) (end -0.8 0.4) (layer F.Fab) (width 0.1))
    (fp_line (start -0.171267 -0.51) (end 0.171267 -0.51) (layer F.SilkS) (width 0.12))
    (fp_line (start -0.171267 0.51) (end 0.171267 0.51) (layer F.SilkS) (width 0.12))
    (fp_line (start -1.65 0.73) (end -1.65 -0.73) (layer F.CrtYd) (width 0.05))
    (fp_line (start -1.65 -0.73) (end 1.65 -0.73) (layer F.CrtYd) (width 0.05))
    (fp_line (start 1.65 -0.73) (end 1.65 0.73) (layer F.CrtYd) (width 0.05))
    (fp_line (start 1.65 0.73) (end -1.65 0.73) (layer F.CrtYd) (width 0.05))
    (fp_text user %R (at 0 0) (layer F.Fab)
      (effects (font (size 0.4 0.4) (thickness 0.06)))
    )
    (pad 1 smd roundrect (at -0.875 0) (size 1.05 0.95) (layers F.Cu F.Paste F.Mask) (roundrect_rratio 0.25)
      (net 4 /TOUCH_G4_1_SAMP))
    (pad 2 smd roundrect (at 0.875 0) (size 1.05 0.95) (layers F.Cu F.Paste F.Mask) (roundrect_rratio 0.25)
      (net 2 GND))
    (model ${KISYS3DMOD}/Capacitor_SMD.3dshapes/C_0603_1608Metric.wrl
      (at (xyz 0 0 0))
      (scale (xyz 1 1 1))
      (rotate (xyz 0 0 0))
    )
  )

  (module Capacitor_SMD:C_0603_1608Metric_Pad1.05x0.95mm_HandSolder (layer F.Cu) (tedit 5B301BBE) (tstamp 5F5C3948)
    (at 181.85 88.7095)
    (descr "Capacitor SMD 0603 (1608 Metric), square (rectangular) end terminal, IPC_7351 nominal with elongated pad for handsoldering. (Body size source: http://www.tortai-tech.com/upload/download/2011102023233369053.pdf), generated with kicad-footprint-generator")
    (tags "capacitor handsolder")
    (path /5F6F6319)
    (attr smd)
    (fp_text reference C12 (at 3.443 0) (layer F.SilkS)
      (effects (font (size 1 1) (thickness 0.15)))
    )
    (fp_text value 0.1u (at 0 1.43) (layer F.Fab) hide
      (effects (font (size 1 1) (thickness 0.15)))
    )
    (fp_line (start -0.8 0.4) (end -0.8 -0.4) (layer F.Fab) (width 0.1))
