(kicad_pcb (version 20171130) (host pcbnew 5.1.10-88a1d61d58~90~ubuntu20.04.1)

  (general
    (thickness 1.6)
    (drawings 11)
    (tracks 171)
    (zones 0)
    (modules 15)
    (nets 11)
  )

  (page A4)
  (layers
    (0 F.Cu signal)
    (31 B.Cu signal)
    (32 B.Adhes user)
    (33 F.Adhes user)
    (34 B.Paste user)
    (35 F.Paste user)
    (36 B.SilkS user)
    (37 F.SilkS user)
    (38 B.Mask user)
    (39 F.Mask user)
    (40 Dwgs.User user)
    (41 Cmts.User user)
    (42 Eco1.User user)
    (43 Eco2.User user)
    (44 Edge.Cuts user)
    (45 Margin user)
    (46 B.CrtYd user)
    (47 F.CrtYd user)
    (48 B.Fab user)
    (49 F.Fab user)
  )

  (setup
    (last_trace_width 0.16002)
    (user_trace_width 0.16002)
    (user_trace_width 0.5)
    (user_trace_width 1)
    (trace_clearance 0.16)
    (zone_clearance 0.508)
    (zone_45_only no)
    (trace_min 0.16)
    (via_size 0.8)
    (via_drill 0.4)
    (via_min_size 0.4)
    (via_min_drill 0.3)
    (uvia_size 0.3)
    (uvia_drill 0.1)
    (uvias_allowed no)
    (uvia_min_size 0.2)
    (uvia_min_drill 0.1)
    (edge_width 0.05)
    (segment_width 0.2)
    (pcb_text_width 0.3)
    (pcb_text_size 1.5 1.5)
    (mod_edge_width 0.12)
    (mod_text_size 1 1)
    (mod_text_width 0.15)
    (pad_size 12.7 9)
    (pad_drill 0)
    (pad_to_mask_clearance 0.051)
    (solder_mask_min_width 0.25)
    (aux_axis_origin 127.4826 107.1118)
    (grid_origin 127.4826 107.1118)
    (visible_elements 7FFFFF7F)
    (pcbplotparams
      (layerselection 0x010fc_ffffffff)
      (usegerberextensions true)
      (usegerberattributes false)
      (usegerberadvancedattributes false)
      (creategerberjobfile false)
      (excludeedgelayer true)
      (linewidth 0.100000)
      (plotframeref false)
      (viasonmask false)
      (mode 1)
      (useauxorigin false)
      (hpglpennumber 1)
      (hpglpenspeed 20)
      (hpglpendiameter 15.000000)
      (psnegative false)
      (psa4output false)
      (plotreference true)
      (plotvalue true)
      (plotinvisibletext false)
      (padsonsilk false)
      (subtractmaskfromsilk false)
      (outputformat 1)
      (mirror false)
      (drillshape 0)
      (scaleselection 1)
      (outputdirectory "/home/andrew/GitHub/SpaceCenter/Hardware/SpaceCenter_TouchBoard_KiCAD/Fab Files/TouchBoard_Gerbers/"))
  )

  (net 0 "")
  (net 1 +5V)
  (net 2 GND)
  (net 3 DATA_IN)
  (net 4 DATA_OUT)
  (net 5 CAP_TOUCH)
  (net 6 "Net-(D1-Pad2)")
  (net 7 "Net-(J2-Pad1)")
  (net 8 "Net-(R1-Pad1)")
  (net 9 "Net-(R2-Pad1)")
  (net 10 "Net-(R4-Pad1)")

  (net_class Default "This is the default net class."
    (clearance 0.16)
    (trace_width 0.16)
    (via_dia 0.8)
    (via_drill 0.4)
    (uvia_dia 0.3)
    (uvia_drill 0.1)
    (add_net CAP_TOUCH)
    (add_net DATA_IN)
    (add_net DATA_OUT)
    (add_net "Net-(D1-Pad2)")
    (add_net "Net-(J2-Pad1)")
    (add_net "Net-(R1-Pad1)")
    (add_net "Net-(R2-Pad1)")
    (add_net "Net-(R4-Pad1)")
  )

  (net_class Power ""
    (clearance 0.2)
    (trace_width 1)
    (via_dia 0.8)
    (via_drill 0.4)
    (uvia_dia 0.3)
    (uvia_drill 0.1)
    (add_net +5V)
    (add_net GND)
  )

  (module footprints:MTCH101T-I&slash_OT (layer F.Cu) (tedit 612F52FA) (tstamp 612E0348)
    (at 130.2766 103.6574 90)
    (path /612CBEC9)
    (fp_text reference U1 (at -2.6924 2.032 180) (layer F.SilkS)
      (effects (font (size 0.762 0.762) (thickness 0.127)))
    )
    (fp_text value MTCH101T-I_OT (at 0 0 90) (layer F.SilkS) hide
      (effects (font (size 1 1) (thickness 0.15)))
    )
    (fp_line (start -1.1557 1.4834) (end -2.2098 1.4834) (layer F.CrtYd) (width 0.05))
    (fp_line (start -1.1557 1.8034) (end -1.1557 1.4834) (layer F.CrtYd) (width 0.05))
    (fp_line (start 1.1557 1.8034) (end -1.1557 1.8034) (layer F.CrtYd) (width 0.05))
    (fp_line (start 1.1557 1.4834) (end 1.1557 1.8034) (layer F.CrtYd) (width 0.05))
    (fp_line (start 2.2098 1.4834) (end 1.1557 1.4834) (layer F.CrtYd) (width 0.05))
    (fp_line (start 2.2098 -1.4834) (end 2.2098 1.4834) (layer F.CrtYd) (width 0.05))
    (fp_line (start 1.1557 -1.4834) (end 2.2098 -1.4834) (layer F.CrtYd) (width 0.05))
    (fp_line (start 1.1557 -1.8034) (end 1.1557 -1.4834) (layer F.CrtYd) (width 0.05))
    (fp_line (start -1.1557 -1.8034) (end 1.1557 -1.8034) (layer F.CrtYd) (width 0.05))
    (fp_line (start -1.1557 -1.4834) (end -1.1557 -1.8034) (layer F.CrtYd) (width 0.05))
    (fp_line (start -2.2098 -1.4834) (end -1.1557 -1.4834) (layer F.CrtYd) (width 0.05))
    (fp_line (start -2.2098 1.4834) (end -2.2098 -1.4834) (layer F.CrtYd) (width 0.05))
    (fp_line (start -0.9017 -1.5494) (end -0.9017 1.5494) (layer F.Fab) (width 0.1))
    (fp_line (start 0.9017 -1.5494) (end -0.9017 -1.5494) (layer F.Fab) (width 0.1))
    (fp_line (start 0.9017 1.5494) (end 0.9017 -1.5494) (layer F.Fab) (width 0.1))
    (fp_line (start -0.9017 1.5494) (end 0.9017 1.5494) (layer F.Fab) (width 0.1))
    (fp_line (start 1.0287 -1.6764) (end -1.0287 -1.6764) (layer F.SilkS) (width 0.12))
    (fp_line (start -1.0287 1.6764) (end 1.0287 1.6764) (layer F.SilkS) (width 0.12))
    (fp_line (start 1.6002 -1.204) (end 0.9017 -1.204) (layer F.Fab) (width 0.1))
    (fp_line (start 1.6002 -0.696) (end 1.6002 -1.204) (layer F.Fab) (width 0.1))
    (fp_line (start 0.9017 -0.696) (end 1.6002 -0.696) (layer F.Fab) (width 0.1))
    (fp_line (start 0.9017 -1.204) (end 0.9017 -0.696) (layer F.Fab) (width 0.1))
    (fp_line (start 1.6002 -0.254) (end 0.9017 -0.254) (layer F.Fab) (width 0.1))
    (fp_line (start 1.6002 0.254) (end 1.6002 -0.254) (layer F.Fab) (width 0.1))
    (fp_line (start 0.9017 0.254) (end 1.6002 0.254) (layer F.Fab) (width 0.1))
    (fp_line (start 0.9017 -0.254) (end 0.9017 0.254) (layer F.Fab) (width 0.1))
    (fp_line (start 1.6002 0.696) (end 0.9017 0.696) (layer F.Fab) (width 0.1))
    (fp_line (start 1.6002 1.204) (end 1.6002 0.696) (layer F.Fab) (width 0.1))
    (fp_line (start 0.9017 1.204) (end 1.6002 1.204) (layer F.Fab) (width 0.1))
    (fp_line (start 0.9017 0.696) (end 0.9017 1.204) (layer F.Fab) (width 0.1))
    (fp_line (start -1.6002 1.204) (end -0.9017 1.204) (layer F.Fab) (width 0.1))
    (fp_line (start -1.6002 0.696) (end -1.6002 1.204) (layer F.Fab) (width 0.1))
    (fp_line (start -0.9017 0.696) (end -1.6002 0.696) (layer F.Fab) (width 0.1))
    (fp_line (start -0.9017 1.204) (end -0.9017 0.696) (layer F.Fab) (width 0.1))
    (fp_line (start -1.6002 0.254) (end -0.9017 0.254) (layer F.Fab) (width 0.1))
    (fp_line (start -1.6002 -0.254) (end -1.6002 0.254) (layer F.Fab) (width 0.1))
    (fp_line (start -0.9017 -0.254) (end -1.6002 -0.254) (layer F.Fab) (width 0.1))
    (fp_line (start -0.9017 0.254) (end -0.9017 -0.254) (layer F.Fab) (width 0.1))
    (fp_line (start -1.6002 -0.696) (end -0.9017 -0.696) (layer F.Fab) (width 0.1))
    (fp_line (start -1.6002 -1.204) (end -1.6002 -0.696) (layer F.Fab) (width 0.1))
    (fp_line (start -0.9017 -1.204) (end -1.6002 -1.204) (layer F.Fab) (width 0.1))
    (fp_line (start -0.9017 -0.696) (end -0.9017 -1.204) (layer F.Fab) (width 0.1))
    (fp_text user "Copyright 2021 Accelerated Designs. All rights reserved." (at 0 0 90) (layer Cmts.User)
      (effects (font (size 0.127 0.127) (thickness 0.002)))
    )
    (fp_text user * (at -1.6764 -1.5748 90) (layer F.SilkS)
      (effects (font (size 1 1) (thickness 0.15)))
    )
    (fp_text user * (at -0.5207 -1.4732 90) (layer F.Fab)
      (effects (font (size 1 1) (thickness 0.15)))
    )
    (fp_text user 0.037in/0.95mm (at -4.3434 -0.475 90) (layer Dwgs.User) hide
      (effects (font (size 1 1) (thickness 0.15)))
    )
    (fp_text user 0.022in/0.559mm (at 4.3434 -0.95 90) (layer Dwgs.User) hide
      (effects (font (size 1 1) (thickness 0.15)))
    )
    (fp_text user 0.102in/2.591mm (at 0 -3.9624 90) (layer Dwgs.User) hide
      (effects (font (size 1 1) (thickness 0.15)))
    )
    (fp_text user 0.052in/1.321mm (at -1.2954 3.9624 90) (layer Dwgs.User) hide
      (effects (font (size 1 1) (thickness 0.15)))
    )
    (fp_text user * (at -1.6764 -1.5748 90) (layer F.SilkS)
      (effects (font (size 1 1) (thickness 0.15)))
    )
    (fp_text user * (at -0.5207 -1.4732 90) (layer F.Fab)
      (effects (font (size 1 1) (thickness 0.15)))
    )
    (fp_arc (start 0 -1.5494) (end -0.3048 -1.5494) (angle -180) (layer F.Fab) (width 0.1))
    (pad 1 smd rect (at -1.2954 -0.950001 90) (size 1.3208 0.5588) (layers F.Cu F.Paste F.Mask)
      (net 8 "Net-(R1-Pad1)"))
    (pad 2 smd rect (at -1.2954 0 90) (size 1.3208 0.5588) (layers F.Cu F.Paste F.Mask)
      (net 2 GND))
    (pad 3 smd rect (at -1.2954 0.950001 90) (size 1.3208 0.5588) (layers F.Cu F.Paste F.Mask)
      (net 9 "Net-(R2-Pad1)"))
    (pad 4 smd rect (at 1.2954 0.950001 90) (size 1.3208 0.5588) (layers F.Cu F.Paste F.Mask)
      (net 5 CAP_TOUCH))
    (pad 5 smd rect (at 1.2954 0 90) (size 1.3208 0.5588) (layers F.Cu F.Paste F.Mask)
      (net 1 +5V))
    (pad 6 smd rect (at 1.2954 -0.950001 90) (size 1.3208 0.5588) (layers F.Cu F.Paste F.Mask)
      (net 10 "Net-(R4-Pad1)"))
  )

  (module Connector_JST:JST_SH_BM05B-SRSS-TB_1x05-1MP_P1.00mm_Vertical (layer B.Cu) (tedit 608A9280) (tstamp 603E828A)
    (at 142.748 96.5835 270)
    (descr "JST SH series connector, BM05B-SRSS-TB (http://www.jst-mfg.com/product/pdf/eng/eSH.pdf), generated with kicad-footprint-generator")
    (tags "connector JST SH side entry")
    (path /5F2811C8)
    (attr smd)
    (fp_text reference J1 (at -0.1905 3.3 180) (layer B.SilkS)
      (effects (font (size 1 1) (thickness 0.15)) (justify mirror))
    )
    (fp_text value Conn_01x05_Male (at 0 -3.3 270) (layer B.Fab) hide
      (effects (font (size 1 1) (thickness 0.15)) (justify mirror))
    )
    (fp_line (start -2 -0.292893) (end -1.5 -1) (layer B.Fab) (width 0.1))
    (fp_line (start -2.5 -1) (end -2 -0.292893) (layer B.Fab) (width 0.1))
    (fp_line (start 4.4 2.6) (end -4.4 2.6) (layer B.CrtYd) (width 0.05))
    (fp_line (start 4.4 -2.6) (end 4.4 2.6) (layer B.CrtYd) (width 0.05))
    (fp_line (start -4.4 -2.6) (end 4.4 -2.6) (layer B.CrtYd) (width 0.05))
    (fp_line (start -4.4 2.6) (end -4.4 -2.6) (layer B.CrtYd) (width 0.05))
    (fp_line (start 2.15 1.55) (end 1.85 1.55) (layer B.Fab) (width 0.1))
    (fp_line (start 2.15 0.95) (end 2.15 1.55) (layer B.Fab) (width 0.1))
    (fp_line (start 1.85 0.95) (end 2.15 0.95) (layer B.Fab) (width 0.1))
    (fp_line (start 1.85 1.55) (end 1.85 0.95) (layer B.Fab) (width 0.1))
    (fp_line (start 1.15 1.55) (end 0.85 1.55) (layer B.Fab) (width 0.1))
    (fp_line (start 1.15 0.95) (end 1.15 1.55) (layer B.Fab) (width 0.1))
    (fp_line (start 0.85 0.95) (end 1.15 0.95) (layer B.Fab) (width 0.1))
    (fp_line (start 0.85 1.55) (end 0.85 0.95) (layer B.Fab) (width 0.1))
    (fp_line (start 0.15 1.55) (end -0.15 1.55) (layer B.Fab) (width 0.1))
    (fp_line (start 0.15 0.95) (end 0.15 1.55) (layer B.Fab) (width 0.1))
    (fp_line (start -0.15 0.95) (end 0.15 0.95) (layer B.Fab) (width 0.1))
    (fp_line (start -0.15 1.55) (end -0.15 0.95) (layer B.Fab) (width 0.1))
    (fp_line (start -0.85 1.55) (end -1.15 1.55) (layer B.Fab) (width 0.1))
    (fp_line (start -0.85 0.95) (end -0.85 1.55) (layer B.Fab) (width 0.1))
    (fp_line (start -1.15 0.95) (end -0.85 0.95) (layer B.Fab) (width 0.1))
    (fp_line (start -1.15 1.55) (end -1.15 0.95) (layer B.Fab) (width 0.1))
    (fp_line (start -1.85 1.55) (end -2.15 1.55) (layer B.Fab) (width 0.1))
    (fp_line (start -1.85 0.95) (end -1.85 1.55) (layer B.Fab) (width 0.1))
    (fp_line (start -2.15 0.95) (end -1.85 0.95) (layer B.Fab) (width 0.1))
    (fp_line (start -2.15 1.55) (end -2.15 0.95) (layer B.Fab) (width 0.1))
    (fp_line (start 3.5 -1) (end 3.5 1.9) (layer B.Fab) (width 0.1))
    (fp_line (start -3.5 -1) (end -3.5 1.9) (layer B.Fab) (width 0.1))
    (fp_line (start -3.5 1.9) (end 3.5 1.9) (layer B.Fab) (width 0.1))
    (fp_line (start -2.44 2.01) (end 2.44 2.01) (layer B.SilkS) (width 0.12))
    (fp_line (start 3.61 -1.11) (end 2.56 -1.11) (layer B.SilkS) (width 0.12))
    (fp_line (start 3.61 0.04) (end 3.61 -1.11) (layer B.SilkS) (width 0.12))
    (fp_line (start -2.56 -1.11) (end -2.56 -2.1) (layer B.SilkS) (width 0.12))
    (fp_line (start -3.61 -1.11) (end -2.56 -1.11) (layer B.SilkS) (width 0.12))
    (fp_line (start -3.61 0.04) (end -3.61 -1.11) (layer B.SilkS) (width 0.12))
    (fp_line (start -3.5 -1) (end 3.5 -1) (layer B.Fab) (width 0.1))
    (fp_text user %R (at 0 0.25 270) (layer B.Fab)
      (effects (font (size 1 1) (thickness 0.15)) (justify mirror))
    )
    (pad 1 smd roundrect (at -2 -1.325 270) (size 0.6 1.55) (layers B.Cu B.Mask) (roundrect_rratio 0.25)
      (net 1 +5V))
    (pad 2 smd roundrect (at -1 -1.325 270) (size 0.6 1.55) (layers B.Cu B.Mask) (roundrect_rratio 0.25)
      (net 3 DATA_IN))
    (pad 3 smd roundrect (at 0 -1.325 270) (size 0.6 1.55) (layers B.Cu B.Mask) (roundrect_rratio 0.25)
      (net 4 DATA_OUT))
    (pad 4 smd roundrect (at 1 -1.325 270) (size 0.6 1.55) (layers B.Cu B.Mask) (roundrect_rratio 0.25)
      (net 5 CAP_TOUCH))
    (pad 5 smd roundrect (at 2 -1.325 270) (size 0.6 1.55) (layers B.Cu B.Mask) (roundrect_rratio 0.25)
      (net 2 GND))
    (pad MP smd roundrect (at -3.3 1.2 270) (size 1.2 1.8) (layers B.Cu B.Paste B.Mask) (roundrect_rratio 0.2083325))
    (pad MP smd roundrect (at 3.3 1.2 270) (size 1.2 1.8) (layers B.Cu B.Mask) (roundrect_rratio 0.208))
    (model /home/andrew/Downloads/BM05B-SRSS-TB-LF--SN---3DModel-STEP-56544.STEP
      (at (xyz 0 0 0))
      (scale (xyz 1 1 1))
      (rotate (xyz -90 0 0))
    )
  )

  (module Connector_Wire:SolderWirePad_1x01_SMD_5x10mm (layer F.Cu) (tedit 612DFFDE) (tstamp 5F2A2456)
    (at 136.0805 96.647)
    (descr "Wire Pad, Square, SMD Pad,  5mm x 10mm,")
    (tags "MesurementPoint Square SMDPad 5mmx10mm ")
    (path /5F292CA3)
    (attr smd virtual)
    (fp_text reference J2 (at 0 -3.81) (layer F.SilkS) hide
      (effects (font (size 1 1) (thickness 0.15)))
    )
    (fp_text value TOUCH_SENSOR (at 0 6.35) (layer F.Fab) hide
      (effects (font (size 1 1) (thickness 0.15)))
    )
    (fp_text user %R (at 0 0) (layer F.Fab)
      (effects (font (size 1 1) (thickness 0.15)))
    )
    (pad 1 smd rect (at 1.1303 -0.0635) (size 12.7 9) (layers F.Cu F.Mask)
      (net 7 "Net-(J2-Pad1)"))
  )

  (module LED_SMD:LED_WS2812B_PLCC4_5.0x5.0mm_P3.2mm (layer F.Cu) (tedit 5AA4B285) (tstamp 612E0267)
    (at 137.16 89.027)
    (descr https://cdn-shop.adafruit.com/datasheets/WS2812B.pdf)
    (tags "LED RGB NeoPixel")
    (path /6133369C)
    (attr smd)
    (fp_text reference D1 (at 4.7244 -0.1016) (layer F.SilkS)
      (effects (font (size 1 1) (thickness 0.15)))
    )
    (fp_text value WS2812B (at 0 4) (layer F.Fab)
      (effects (font (size 1 1) (thickness 0.15)))
    )
    (fp_circle (center 0 0) (end 0 -2) (layer F.Fab) (width 0.1))
    (fp_line (start 3.65 2.75) (end 3.65 1.6) (layer F.SilkS) (width 0.12))
    (fp_line (start -3.65 2.75) (end 3.65 2.75) (layer F.SilkS) (width 0.12))
    (fp_line (start -3.65 -2.75) (end 3.65 -2.75) (layer F.SilkS) (width 0.12))
    (fp_line (start 2.5 -2.5) (end -2.5 -2.5) (layer F.Fab) (width 0.1))
    (fp_line (start 2.5 2.5) (end 2.5 -2.5) (layer F.Fab) (width 0.1))
    (fp_line (start -2.5 2.5) (end 2.5 2.5) (layer F.Fab) (width 0.1))
    (fp_line (start -2.5 -2.5) (end -2.5 2.5) (layer F.Fab) (width 0.1))
    (fp_line (start 2.5 1.5) (end 1.5 2.5) (layer F.Fab) (width 0.1))
    (fp_line (start -3.45 -2.75) (end -3.45 2.75) (layer F.CrtYd) (width 0.05))
    (fp_line (start -3.45 2.75) (end 3.45 2.75) (layer F.CrtYd) (width 0.05))
    (fp_line (start 3.45 2.75) (end 3.45 -2.75) (layer F.CrtYd) (width 0.05))
    (fp_line (start 3.45 -2.75) (end -3.45 -2.75) (layer F.CrtYd) (width 0.05))
    (fp_text user 1 (at -4.15 -1.6) (layer F.SilkS) hide
      (effects (font (size 1 1) (thickness 0.15)))
    )
    (fp_text user %R (at 0 0) (layer F.Fab)
      (effects (font (size 0.8 0.8) (thickness 0.15)))
    )
    (pad 3 smd rect (at 2.45 1.6) (size 1.5 1) (layers F.Cu F.Paste F.Mask)
      (net 2 GND))
    (pad 4 smd rect (at 2.45 -1.6) (size 1.5 1) (layers F.Cu F.Paste F.Mask)
      (net 3 DATA_IN))
    (pad 2 smd rect (at -2.45 1.6) (size 1.5 1) (layers F.Cu F.Paste F.Mask)
      (net 6 "Net-(D1-Pad2)"))
    (pad 1 smd rect (at -2.45 -1.6) (size 1.5 1) (layers F.Cu F.Paste F.Mask)
      (net 1 +5V))
    (model ${KISYS3DMOD}/LED_SMD.3dshapes/LED_WS2812B_PLCC4_5.0x5.0mm_P3.2mm.wrl
      (at (xyz 0 0 0))
      (scale (xyz 1 1 1))
      (rotate (xyz 0 0 0))
    )
  )

  (module LED_SMD:LED_WS2812B_PLCC4_5.0x5.0mm_P3.2mm (layer F.Cu) (tedit 5AA4B285) (tstamp 612E027D)
    (at 137.16 104.14)
    (descr https://cdn-shop.adafruit.com/datasheets/WS2812B.pdf)
    (tags "LED RGB NeoPixel")
    (path /61338C92)
    (attr smd)
    (fp_text reference D2 (at 4.3434 -0.127) (layer F.SilkS)
      (effects (font (size 1 1) (thickness 0.15)))
    )
    (fp_text value WS2812B (at 0 4) (layer F.Fab) hide
      (effects (font (size 1 1) (thickness 0.15)))
    )
    (fp_text user %R (at 0 0) (layer F.Fab)
      (effects (font (size 0.8 0.8) (thickness 0.15)))
    )
    (fp_text user 1 (at -4.15 -1.6) (layer F.SilkS) hide
      (effects (font (size 1 1) (thickness 0.15)))
    )
    (fp_line (start 3.45 -2.75) (end -3.45 -2.75) (layer F.CrtYd) (width 0.05))
    (fp_line (start 3.45 2.75) (end 3.45 -2.75) (layer F.CrtYd) (width 0.05))
    (fp_line (start -3.45 2.75) (end 3.45 2.75) (layer F.CrtYd) (width 0.05))
    (fp_line (start -3.45 -2.75) (end -3.45 2.75) (layer F.CrtYd) (width 0.05))
    (fp_line (start 2.5 1.5) (end 1.5 2.5) (layer F.Fab) (width 0.1))
    (fp_line (start -2.5 -2.5) (end -2.5 2.5) (layer F.Fab) (width 0.1))
    (fp_line (start -2.5 2.5) (end 2.5 2.5) (layer F.Fab) (width 0.1))
    (fp_line (start 2.5 2.5) (end 2.5 -2.5) (layer F.Fab) (width 0.1))
    (fp_line (start 2.5 -2.5) (end -2.5 -2.5) (layer F.Fab) (width 0.1))
    (fp_line (start -3.65 -2.75) (end 3.65 -2.75) (layer F.SilkS) (width 0.12))
    (fp_line (start -3.65 2.75) (end 3.65 2.75) (layer F.SilkS) (width 0.12))
    (fp_line (start 3.65 2.75) (end 3.65 1.6) (layer F.SilkS) (width 0.12))
    (fp_circle (center 0 0) (end 0 -2) (layer F.Fab) (width 0.1))
    (pad 1 smd rect (at -2.45 -1.6) (size 1.5 1) (layers F.Cu F.Paste F.Mask)
      (net 1 +5V))
    (pad 2 smd rect (at -2.45 1.6) (size 1.5 1) (layers F.Cu F.Paste F.Mask)
      (net 4 DATA_OUT))
    (pad 4 smd rect (at 2.45 -1.6) (size 1.5 1) (layers F.Cu F.Paste F.Mask)
      (net 6 "Net-(D1-Pad2)"))
    (pad 3 smd rect (at 2.45 1.6) (size 1.5 1) (layers F.Cu F.Paste F.Mask)
      (net 2 GND))
    (model ${KISYS3DMOD}/LED_SMD.3dshapes/LED_WS2812B_PLCC4_5.0x5.0mm_P3.2mm.wrl
      (at (xyz 0 0 0))
      (scale (xyz 1 1 1))
      (rotate (xyz 0 0 0))
    )
  )

  (module Capacitor_SMD:C_0402_1005Metric_Pad0.74x0.62mm_HandSolder (layer F.Cu) (tedit 5F6BB22C) (tstamp 612E0687)
    (at 132.207 88.9 270)
    (descr "Capacitor SMD 0402 (1005 Metric), square (rectangular) end terminal, IPC_7351 nominal with elongated pad for handsoldering. (Body size source: IPC-SM-782 page 76, https://www.pcb-3d.com/wordpress/wp-content/uploads/ipc-sm-782a_amendment_1_and_2.pdf), generated with kicad-footprint-generator")
    (tags "capacitor handsolder")
    (path /5F288493)
    (attr smd)
    (fp_text reference C1 (at 0.0254 1.5494 180) (layer F.SilkS)
      (effects (font (size 1 1) (thickness 0.15)))
    )
    (fp_text value 0.1u (at 0 1.16 90) (layer F.Fab) hide
      (effects (font (size 1 1) (thickness 0.15)))
    )
    (fp_line (start 1.08 0.46) (end -1.08 0.46) (layer F.CrtYd) (width 0.05))
    (fp_line (start 1.08 -0.46) (end 1.08 0.46) (layer F.CrtYd) (width 0.05))
    (fp_line (start -1.08 -0.46) (end 1.08 -0.46) (layer F.CrtYd) (width 0.05))
    (fp_line (start -1.08 0.46) (end -1.08 -0.46) (layer F.CrtYd) (width 0.05))
    (fp_line (start -0.115835 0.36) (end 0.115835 0.36) (layer F.SilkS) (width 0.12))
    (fp_line (start -0.115835 -0.36) (end 0.115835 -0.36) (layer F.SilkS) (width 0.12))
    (fp_line (start 0.5 0.25) (end -0.5 0.25) (layer F.Fab) (width 0.1))
    (fp_line (start 0.5 -0.25) (end 0.5 0.25) (layer F.Fab) (width 0.1))
    (fp_line (start -0.5 -0.25) (end 0.5 -0.25) (layer F.Fab) (width 0.1))
    (fp_line (start -0.5 0.25) (end -0.5 -0.25) (layer F.Fab) (width 0.1))
    (fp_text user %R (at 0 0 90) (layer F.Fab)
      (effects (font (size 0.25 0.25) (thickness 0.04)))
    )
    (pad 1 smd roundrect (at -0.5675 0 270) (size 0.735 0.62) (layers F.Cu F.Paste F.Mask) (roundrect_rratio 0.25)
      (net 1 +5V))
    (pad 2 smd roundrect (at 0.5675 0 270) (size 0.735 0.62) (layers F.Cu F.Paste F.Mask) (roundrect_rratio 0.25)
      (net 2 GND))
    (model ${KISYS3DMOD}/Capacitor_SMD.3dshapes/C_0402_1005Metric.wrl
      (at (xyz 0 0 0))
      (scale (xyz 1 1 1))
      (rotate (xyz 0 0 0))
    )
  )

  (module Capacitor_SMD:C_0402_1005Metric_Pad0.74x0.62mm_HandSolder (layer F.Cu) (tedit 5F6BB22C) (tstamp 612E0697)
    (at 132.842 103.0224 270)
    (descr "Capacitor SMD 0402 (1005 Metric), square (rectangular) end terminal, IPC_7351 nominal with elongated pad for handsoldering. (Body size source: IPC-SM-782 page 76, https://www.pcb-3d.com/wordpress/wp-content/uploads/ipc-sm-782a_amendment_1_and_2.pdf), generated with kicad-footprint-generator")
    (tags "capacitor handsolder")
    (path /5F2985E9)
    (attr smd)
    (fp_text reference C2 (at 1.6002 -0.0762 180) (layer F.SilkS)
      (effects (font (size 0.508 0.508) (thickness 0.1016)))
    )
    (fp_text value 0.1u (at 0 1.16 90) (layer F.Fab) hide
      (effects (font (size 1 1) (thickness 0.15)))
    )
    (fp_text user %R (at 0 0 90) (layer F.Fab)
      (effects (font (size 0.25 0.25) (thickness 0.04)))
    )
    (fp_line (start -0.5 0.25) (end -0.5 -0.25) (layer F.Fab) (width 0.1))
    (fp_line (start -0.5 -0.25) (end 0.5 -0.25) (layer F.Fab) (width 0.1))
    (fp_line (start 0.5 -0.25) (end 0.5 0.25) (layer F.Fab) (width 0.1))
    (fp_line (start 0.5 0.25) (end -0.5 0.25) (layer F.Fab) (width 0.1))
    (fp_line (start -0.115835 -0.36) (end 0.115835 -0.36) (layer F.SilkS) (width 0.12))
    (fp_line (start -0.115835 0.36) (end 0.115835 0.36) (layer F.SilkS) (width 0.12))
    (fp_line (start -1.08 0.46) (end -1.08 -0.46) (layer F.CrtYd) (width 0.05))
    (fp_line (start -1.08 -0.46) (end 1.08 -0.46) (layer F.CrtYd) (width 0.05))
    (fp_line (start 1.08 -0.46) (end 1.08 0.46) (layer F.CrtYd) (width 0.05))
    (fp_line (start 1.08 0.46) (end -1.08 0.46) (layer F.CrtYd) (width 0.05))
    (pad 2 smd roundrect (at 0.5675 0 270) (size 0.735 0.62) (layers F.Cu F.Paste F.Mask) (roundrect_rratio 0.25)
      (net 2 GND))
    (pad 1 smd roundrect (at -0.5675 0 270) (size 0.735 0.62) (layers F.Cu F.Paste F.Mask) (roundrect_rratio 0.25)
      (net 1 +5V))
    (model ${KISYS3DMOD}/Capacitor_SMD.3dshapes/C_0402_1005Metric.wrl
      (at (xyz 0 0 0))
      (scale (xyz 1 1 1))
      (rotate (xyz 0 0 0))
    )
  )

  (module Capacitor_SMD:C_0402_1005Metric_Pad0.74x0.62mm_HandSolder (layer F.Cu) (tedit 5F6BB22C) (tstamp 612E06B7)
    (at 129.5059 100.711 180)
    (descr "Capacitor SMD 0402 (1005 Metric), square (rectangular) end terminal, IPC_7351 nominal with elongated pad for handsoldering. (Body size source: IPC-SM-782 page 76, https://www.pcb-3d.com/wordpress/wp-content/uploads/ipc-sm-782a_amendment_1_and_2.pdf), generated with kicad-footprint-generator")
    (tags "capacitor handsolder")
    (path /613077A3)
    (attr smd)
    (fp_text reference C3 (at -0.3643 1.016) (layer F.SilkS)
      (effects (font (size 0.762 0.762) (thickness 0.127)))
    )
    (fp_text value 0.1u (at 0 1.16) (layer F.Fab) hide
      (effects (font (size 1 1) (thickness 0.15)))
    )
    (fp_line (start 1.08 0.46) (end -1.08 0.46) (layer F.CrtYd) (width 0.05))
    (fp_line (start 1.08 -0.46) (end 1.08 0.46) (layer F.CrtYd) (width 0.05))
    (fp_line (start -1.08 -0.46) (end 1.08 -0.46) (layer F.CrtYd) (width 0.05))
    (fp_line (start -1.08 0.46) (end -1.08 -0.46) (layer F.CrtYd) (width 0.05))
    (fp_line (start -0.115835 0.36) (end 0.115835 0.36) (layer F.SilkS) (width 0.12))
    (fp_line (start -0.115835 -0.36) (end 0.115835 -0.36) (layer F.SilkS) (width 0.12))
    (fp_line (start 0.5 0.25) (end -0.5 0.25) (layer F.Fab) (width 0.1))
    (fp_line (start 0.5 -0.25) (end 0.5 0.25) (layer F.Fab) (width 0.1))
    (fp_line (start -0.5 -0.25) (end 0.5 -0.25) (layer F.Fab) (width 0.1))
    (fp_line (start -0.5 0.25) (end -0.5 -0.25) (layer F.Fab) (width 0.1))
    (fp_text user %R (at 0 0) (layer F.Fab)
      (effects (font (size 0.25 0.25) (thickness 0.04)))
    )
    (pad 1 smd roundrect (at -0.5675 0 180) (size 0.735 0.62) (layers F.Cu F.Paste F.Mask) (roundrect_rratio 0.25)
      (net 1 +5V))
    (pad 2 smd roundrect (at 0.5675 0 180) (size 0.735 0.62) (layers F.Cu F.Paste F.Mask) (roundrect_rratio 0.25)
      (net 2 GND))
    (model ${KISYS3DMOD}/Capacitor_SMD.3dshapes/C_0402_1005Metric.wrl
      (at (xyz 0 0 0))
      (scale (xyz 1 1 1))
      (rotate (xyz 0 0 0))
    )
  )

  (module Resistor_SMD:R_0402_1005Metric_Pad0.72x0.64mm_HandSolder (layer B.Cu) (tedit 5F6BB9E0) (tstamp 612E06B8)
    (at 132.207 101.3073 90)
    (descr "Resistor SMD 0402 (1005 Metric), square (rectangular) end terminal, IPC_7351 nominal with elongated pad for handsoldering. (Body size source: IPC-SM-782 page 72, https://www.pcb-3d.com/wordpress/wp-content/uploads/ipc-sm-782a_amendment_1_and_2.pdf), generated with kicad-footprint-generator")
    (tags "resistor handsolder")
    (path /612D805C)
    (attr smd)
    (fp_text reference R1 (at 0.0375 1.6002 180) (layer B.SilkS)
      (effects (font (size 1 1) (thickness 0.15)) (justify mirror))
    )
    (fp_text value 4.7k (at 0 -1.17 90) (layer B.Fab) hide
      (effects (font (size 1 1) (thickness 0.15)) (justify mirror))
    )
    (fp_line (start 1.1 -0.47) (end -1.1 -0.47) (layer B.CrtYd) (width 0.05))
    (fp_line (start 1.1 0.47) (end 1.1 -0.47) (layer B.CrtYd) (width 0.05))
    (fp_line (start -1.1 0.47) (end 1.1 0.47) (layer B.CrtYd) (width 0.05))
    (fp_line (start -1.1 -0.47) (end -1.1 0.47) (layer B.CrtYd) (width 0.05))
    (fp_line (start -0.167621 -0.38) (end 0.167621 -0.38) (layer B.SilkS) (width 0.12))
    (fp_line (start -0.167621 0.38) (end 0.167621 0.38) (layer B.SilkS) (width 0.12))
    (fp_line (start 0.525 -0.27) (end -0.525 -0.27) (layer B.Fab) (width 0.1))
    (fp_line (start 0.525 0.27) (end 0.525 -0.27) (layer B.Fab) (width 0.1))
    (fp_line (start -0.525 0.27) (end 0.525 0.27) (layer B.Fab) (width 0.1))
    (fp_line (start -0.525 -0.27) (end -0.525 0.27) (layer B.Fab) (width 0.1))
    (fp_text user %R (at 0 0 90) (layer B.Fab)
      (effects (font (size 0.26 0.26) (thickness 0.04)) (justify mirror))
    )
    (pad 1 smd roundrect (at -0.5975 0 90) (size 0.715 0.64) (layers B.Cu B.Paste B.Mask) (roundrect_rratio 0.25)
      (net 8 "Net-(R1-Pad1)"))
    (pad 2 smd roundrect (at 0.5975 0 90) (size 0.715 0.64) (layers B.Cu B.Paste B.Mask) (roundrect_rratio 0.25)
      (net 7 "Net-(J2-Pad1)"))
    (model ${KISYS3DMOD}/Resistor_SMD.3dshapes/R_0402_1005Metric.wrl
      (at (xyz 0 0 0))
      (scale (xyz 1 1 1))
      (rotate (xyz 0 0 0))
    )
  )

  (module Resistor_SMD:R_0402_1005Metric_Pad0.72x0.64mm_HandSolder (layer F.Cu) (tedit 5F6BB9E0) (tstamp 612E06C8)
    (at 130.0226 97.4223 90)
    (descr "Resistor SMD 0402 (1005 Metric), square (rectangular) end terminal, IPC_7351 nominal with elongated pad for handsoldering. (Body size source: IPC-SM-782 page 72, https://www.pcb-3d.com/wordpress/wp-content/uploads/ipc-sm-782a_amendment_1_and_2.pdf), generated with kicad-footprint-generator")
    (tags "resistor handsolder")
    (path /612E7F41)
    (attr smd)
    (fp_text reference R2 (at 5.9315 0.1016 180) (layer F.SilkS)
      (effects (font (size 0.762 0.762) (thickness 0.127)))
    )
    (fp_text value 100k (at 0 1.17 90) (layer F.Fab) hide
      (effects (font (size 1 1) (thickness 0.15)))
    )
    (fp_text user %R (at 0 0 90) (layer F.Fab)
      (effects (font (size 0.26 0.26) (thickness 0.04)))
    )
    (fp_line (start -0.525 0.27) (end -0.525 -0.27) (layer F.Fab) (width 0.1))
    (fp_line (start -0.525 -0.27) (end 0.525 -0.27) (layer F.Fab) (width 0.1))
    (fp_line (start 0.525 -0.27) (end 0.525 0.27) (layer F.Fab) (width 0.1))
    (fp_line (start 0.525 0.27) (end -0.525 0.27) (layer F.Fab) (width 0.1))
    (fp_line (start -0.167621 -0.38) (end 0.167621 -0.38) (layer F.SilkS) (width 0.12))
    (fp_line (start -0.167621 0.38) (end 0.167621 0.38) (layer F.SilkS) (width 0.12))
    (fp_line (start -1.1 0.47) (end -1.1 -0.47) (layer F.CrtYd) (width 0.05))
    (fp_line (start -1.1 -0.47) (end 1.1 -0.47) (layer F.CrtYd) (width 0.05))
    (fp_line (start 1.1 -0.47) (end 1.1 0.47) (layer F.CrtYd) (width 0.05))
    (fp_line (start 1.1 0.47) (end -1.1 0.47) (layer F.CrtYd) (width 0.05))
    (pad 2 smd roundrect (at 0.5975 0 90) (size 0.715 0.64) (layers F.Cu F.Paste F.Mask) (roundrect_rratio 0.25)
      (net 1 +5V))
    (pad 1 smd roundrect (at -0.5975 0 90) (size 0.715 0.64) (layers F.Cu F.Paste F.Mask) (roundrect_rratio 0.25)
      (net 9 "Net-(R2-Pad1)"))
    (model ${KISYS3DMOD}/Resistor_SMD.3dshapes/R_0402_1005Metric.wrl
      (at (xyz 0 0 0))
      (scale (xyz 1 1 1))
      (rotate (xyz 0 0 0))
    )
  )

  (module Resistor_SMD:R_0402_1005Metric_Pad0.72x0.64mm_HandSolder (layer F.Cu) (tedit 5F6BB9E0) (tstamp 612E06D8)
    (at 128.524 97.4344 270)
    (descr "Resistor SMD 0402 (1005 Metric), square (rectangular) end terminal, IPC_7351 nominal with elongated pad for handsoldering. (Body size source: IPC-SM-782 page 72, https://www.pcb-3d.com/wordpress/wp-content/uploads/ipc-sm-782a_amendment_1_and_2.pdf), generated with kicad-footprint-generator")
    (tags "resistor handsolder")
    (path /612E78E7)
    (attr smd)
    (fp_text reference R3 (at -5.9182 0.1016 180) (layer F.SilkS)
      (effects (font (size 0.762 0.762) (thickness 0.127)))
    )
    (fp_text value 100k (at 0 1.17 90) (layer F.Fab) hide
      (effects (font (size 1 1) (thickness 0.15)))
    )
    (fp_line (start 1.1 0.47) (end -1.1 0.47) (layer F.CrtYd) (width 0.05))
    (fp_line (start 1.1 -0.47) (end 1.1 0.47) (layer F.CrtYd) (width 0.05))
    (fp_line (start -1.1 -0.47) (end 1.1 -0.47) (layer F.CrtYd) (width 0.05))
    (fp_line (start -1.1 0.47) (end -1.1 -0.47) (layer F.CrtYd) (width 0.05))
    (fp_line (start -0.167621 0.38) (end 0.167621 0.38) (layer F.SilkS) (width 0.12))
    (fp_line (start -0.167621 -0.38) (end 0.167621 -0.38) (layer F.SilkS) (width 0.12))
    (fp_line (start 0.525 0.27) (end -0.525 0.27) (layer F.Fab) (width 0.1))
    (fp_line (start 0.525 -0.27) (end 0.525 0.27) (layer F.Fab) (width 0.1))
    (fp_line (start -0.525 -0.27) (end 0.525 -0.27) (layer F.Fab) (width 0.1))
    (fp_line (start -0.525 0.27) (end -0.525 -0.27) (layer F.Fab) (width 0.1))
    (fp_text user %R (at 0 0 90) (layer F.Fab)
      (effects (font (size 0.26 0.26) (thickness 0.04)))
    )
    (pad 1 smd roundrect (at -0.5975 0 270) (size 0.715 0.64) (layers F.Cu F.Paste F.Mask) (roundrect_rratio 0.25)
      (net 2 GND))
    (pad 2 smd roundrect (at 0.5975 0 270) (size 0.715 0.64) (layers F.Cu F.Paste F.Mask) (roundrect_rratio 0.25)
      (net 9 "Net-(R2-Pad1)"))
    (model ${KISYS3DMOD}/Resistor_SMD.3dshapes/R_0402_1005Metric.wrl
      (at (xyz 0 0 0))
      (scale (xyz 1 1 1))
      (rotate (xyz 0 0 0))
    )
  )

  (module Resistor_SMD:R_0402_1005Metric_Pad0.72x0.64mm_HandSolder (layer F.Cu) (tedit 5F6BB9E0) (tstamp 612E06E8)
    (at 129.9972 93.7647 270)
    (descr "Resistor SMD 0402 (1005 Metric), square (rectangular) end terminal, IPC_7351 nominal with elongated pad for handsoldering. (Body size source: IPC-SM-782 page 72, https://www.pcb-3d.com/wordpress/wp-content/uploads/ipc-sm-782a_amendment_1_and_2.pdf), generated with kicad-footprint-generator")
    (tags "resistor handsolder")
    (path /6130C79C)
    (attr smd)
    (fp_text reference R4 (at -3.4931 -0.1016 180) (layer F.SilkS)
      (effects (font (size 0.762 0.762) (thickness 0.127)))
    )
    (fp_text value 4.7k (at 0 1.17 90) (layer F.Fab) hide
      (effects (font (size 1 1) (thickness 0.15)))
    )
    (fp_line (start 1.1 0.47) (end -1.1 0.47) (layer F.CrtYd) (width 0.05))
    (fp_line (start 1.1 -0.47) (end 1.1 0.47) (layer F.CrtYd) (width 0.05))
    (fp_line (start -1.1 -0.47) (end 1.1 -0.47) (layer F.CrtYd) (width 0.05))
    (fp_line (start -1.1 0.47) (end -1.1 -0.47) (layer F.CrtYd) (width 0.05))
    (fp_line (start -0.167621 0.38) (end 0.167621 0.38) (layer F.SilkS) (width 0.12))
    (fp_line (start -0.167621 -0.38) (end 0.167621 -0.38) (layer F.SilkS) (width 0.12))
    (fp_line (start 0.525 0.27) (end -0.525 0.27) (layer F.Fab) (width 0.1))
    (fp_line (start 0.525 -0.27) (end 0.525 0.27) (layer F.Fab) (width 0.1))
    (fp_line (start -0.525 -0.27) (end 0.525 -0.27) (layer F.Fab) (width 0.1))
    (fp_line (start -0.525 0.27) (end -0.525 -0.27) (layer F.Fab) (width 0.1))
    (fp_text user %R (at 0 0 90) (layer F.Fab)
      (effects (font (size 0.26 0.26) (thickness 0.04)))
    )
    (pad 1 smd roundrect (at -0.5975 0 270) (size 0.715 0.64) (layers F.Cu F.Paste F.Mask) (roundrect_rratio 0.25)
      (net 10 "Net-(R4-Pad1)"))
    (pad 2 smd roundrect (at 0.5975 0 270) (size 0.715 0.64) (layers F.Cu F.Paste F.Mask) (roundrect_rratio 0.25)
      (net 1 +5V))
    (model ${KISYS3DMOD}/Resistor_SMD.3dshapes/R_0402_1005Metric.wrl
      (at (xyz 0 0 0))
      (scale (xyz 1 1 1))
      (rotate (xyz 0 0 0))
    )
  )

  (module Resistor_SMD:R_0402_1005Metric_Pad0.72x0.64mm_HandSolder (layer F.Cu) (tedit 5F6BB9E0) (tstamp 612E06F8)
    (at 128.5494 93.7768 90)
    (descr "Resistor SMD 0402 (1005 Metric), square (rectangular) end terminal, IPC_7351 nominal with elongated pad for handsoldering. (Body size source: IPC-SM-782 page 72, https://www.pcb-3d.com/wordpress/wp-content/uploads/ipc-sm-782a_amendment_1_and_2.pdf), generated with kicad-footprint-generator")
    (tags "resistor handsolder")
    (path /6131D43E)
    (attr smd)
    (fp_text reference R5 (at 3.5306 -0.127 180) (layer F.SilkS)
      (effects (font (size 0.762 0.762) (thickness 0.127)))
    )
    (fp_text value DNP (at 0 1.17 90) (layer F.Fab) hide
      (effects (font (size 1 1) (thickness 0.15)))
    )
    (fp_text user %R (at 0 0 90) (layer F.Fab)
      (effects (font (size 0.26 0.26) (thickness 0.04)))
    )
    (fp_line (start -0.525 0.27) (end -0.525 -0.27) (layer F.Fab) (width 0.1))
    (fp_line (start -0.525 -0.27) (end 0.525 -0.27) (layer F.Fab) (width 0.1))
    (fp_line (start 0.525 -0.27) (end 0.525 0.27) (layer F.Fab) (width 0.1))
    (fp_line (start 0.525 0.27) (end -0.525 0.27) (layer F.Fab) (width 0.1))
    (fp_line (start -0.167621 -0.38) (end 0.167621 -0.38) (layer F.SilkS) (width 0.12))
    (fp_line (start -0.167621 0.38) (end 0.167621 0.38) (layer F.SilkS) (width 0.12))
    (fp_line (start -1.1 0.47) (end -1.1 -0.47) (layer F.CrtYd) (width 0.05))
    (fp_line (start -1.1 -0.47) (end 1.1 -0.47) (layer F.CrtYd) (width 0.05))
    (fp_line (start 1.1 -0.47) (end 1.1 0.47) (layer F.CrtYd) (width 0.05))
    (fp_line (start 1.1 0.47) (end -1.1 0.47) (layer F.CrtYd) (width 0.05))
    (pad 2 smd roundrect (at 0.5975 0 90) (size 0.715 0.64) (layers F.Cu F.Paste F.Mask) (roundrect_rratio 0.25)
      (net 10 "Net-(R4-Pad1)"))
    (pad 1 smd roundrect (at -0.5975 0 90) (size 0.715 0.64) (layers F.Cu F.Paste F.Mask) (roundrect_rratio 0.25)
      (net 2 GND))
    (model ${KISYS3DMOD}/Resistor_SMD.3dshapes/R_0402_1005Metric.wrl
      (at (xyz 0 0 0))
      (scale (xyz 1 1 1))
      (rotate (xyz 0 0 0))
    )
  )

  (module Resistor_SMD:R_0402_1005Metric_Pad0.72x0.64mm_HandSolder (layer F.Cu) (tedit 5F6BB9E0) (tstamp 612E0708)
    (at 143.5608 103.2123 90)
    (descr "Resistor SMD 0402 (1005 Metric), square (rectangular) end terminal, IPC_7351 nominal with elongated pad for handsoldering. (Body size source: IPC-SM-782 page 72, https://www.pcb-3d.com/wordpress/wp-content/uploads/ipc-sm-782a_amendment_1_and_2.pdf), generated with kicad-footprint-generator")
    (tags "resistor handsolder")
    (path /612E1E9F)
    (attr smd)
    (fp_text reference R6 (at -2.0707 0.0254 180) (layer F.SilkS)
      (effects (font (size 0.762 0.762) (thickness 0.127)))
    )
    (fp_text value 4.7k (at 0 1.17 90) (layer F.Fab) hide
      (effects (font (size 1 1) (thickness 0.15)))
    )
    (fp_text user %R (at 0 0 90) (layer F.Fab)
      (effects (font (size 0.26 0.26) (thickness 0.04)))
    )
    (fp_line (start -0.525 0.27) (end -0.525 -0.27) (layer F.Fab) (width 0.1))
    (fp_line (start -0.525 -0.27) (end 0.525 -0.27) (layer F.Fab) (width 0.1))
    (fp_line (start 0.525 -0.27) (end 0.525 0.27) (layer F.Fab) (width 0.1))
    (fp_line (start 0.525 0.27) (end -0.525 0.27) (layer F.Fab) (width 0.1))
    (fp_line (start -0.167621 -0.38) (end 0.167621 -0.38) (layer F.SilkS) (width 0.12))
    (fp_line (start -0.167621 0.38) (end 0.167621 0.38) (layer F.SilkS) (width 0.12))
    (fp_line (start -1.1 0.47) (end -1.1 -0.47) (layer F.CrtYd) (width 0.05))
    (fp_line (start -1.1 -0.47) (end 1.1 -0.47) (layer F.CrtYd) (width 0.05))
    (fp_line (start 1.1 -0.47) (end 1.1 0.47) (layer F.CrtYd) (width 0.05))
    (fp_line (start 1.1 0.47) (end -1.1 0.47) (layer F.CrtYd) (width 0.05))
    (pad 2 smd roundrect (at 0.5975 0 90) (size 0.715 0.64) (layers F.Cu F.Paste F.Mask) (roundrect_rratio 0.25)
      (net 1 +5V))
    (pad 1 smd roundrect (at -0.5975 0 90) (size 0.715 0.64) (layers F.Cu F.Paste F.Mask) (roundrect_rratio 0.25)
      (net 5 CAP_TOUCH))
    (model ${KISYS3DMOD}/Resistor_SMD.3dshapes/R_0402_1005Metric.wrl
      (at (xyz 0 0 0))
      (scale (xyz 1 1 1))
      (rotate (xyz 0 0 0))
    )
  )

  (module Resistor_SMD:R_0402_1005Metric_Pad0.72x0.64mm_HandSolder (layer F.Cu) (tedit 5F6BB9E0) (tstamp 612E0718)
    (at 145.0848 104.5331 90)
    (descr "Resistor SMD 0402 (1005 Metric), square (rectangular) end terminal, IPC_7351 nominal with elongated pad for handsoldering. (Body size source: IPC-SM-782 page 72, https://www.pcb-3d.com/wordpress/wp-content/uploads/ipc-sm-782a_amendment_1_and_2.pdf), generated with kicad-footprint-generator")
    (tags "resistor handsolder")
    (path /6132096B)
    (attr smd)
    (fp_text reference R7 (at 1.8155 0.0762 180) (layer F.SilkS)
      (effects (font (size 0.762 0.762) (thickness 0.127)))
    )
    (fp_text value 6.8k (at 0 1.17 90) (layer F.Fab) hide
      (effects (font (size 1 1) (thickness 0.15)))
    )
    (fp_line (start 1.1 0.47) (end -1.1 0.47) (layer F.CrtYd) (width 0.05))
    (fp_line (start 1.1 -0.47) (end 1.1 0.47) (layer F.CrtYd) (width 0.05))
    (fp_line (start -1.1 -0.47) (end 1.1 -0.47) (layer F.CrtYd) (width 0.05))
    (fp_line (start -1.1 0.47) (end -1.1 -0.47) (layer F.CrtYd) (width 0.05))
    (fp_line (start -0.167621 0.38) (end 0.167621 0.38) (layer F.SilkS) (width 0.12))
    (fp_line (start -0.167621 -0.38) (end 0.167621 -0.38) (layer F.SilkS) (width 0.12))
    (fp_line (start 0.525 0.27) (end -0.525 0.27) (layer F.Fab) (width 0.1))
    (fp_line (start 0.525 -0.27) (end 0.525 0.27) (layer F.Fab) (width 0.1))
    (fp_line (start -0.525 -0.27) (end 0.525 -0.27) (layer F.Fab) (width 0.1))
    (fp_line (start -0.525 0.27) (end -0.525 -0.27) (layer F.Fab) (width 0.1))
    (fp_text user %R (at 0 0 90) (layer F.Fab)
      (effects (font (size 0.26 0.26) (thickness 0.04)))
    )
    (pad 1 smd roundrect (at -0.5975 0 90) (size 0.715 0.64) (layers F.Cu F.Paste F.Mask) (roundrect_rratio 0.25)
      (net 2 GND))
    (pad 2 smd roundrect (at 0.5975 0 90) (size 0.715 0.64) (layers F.Cu F.Paste F.Mask) (roundrect_rratio 0.25)
      (net 5 CAP_TOUCH))
    (model ${KISYS3DMOD}/Resistor_SMD.3dshapes/R_0402_1005Metric.wrl
      (at (xyz 0 0 0))
      (scale (xyz 1 1 1))
      (rotate (xyz 0 0 0))
    )
  )

  (gr_circle (center 133.0198 86.8426) (end 133.325657 86.8426) (layer F.SilkS) (width 0.15) (tstamp 612F56A1))
  (gr_circle (center 133.2484 101.5492) (end 133.554257 101.5492) (layer F.SilkS) (width 0.15))
